scorer,DLC_resnet50_gecko02Mar17shuffle1_730000,DLC_resnet50_gecko02Mar17shuffle1_730000,DLC_resnet50_gecko02Mar17shuffle1_730000,DLC_resnet50_gecko02Mar17shuffle1_730000,DLC_resnet50_gecko02Mar17shuffle1_730000,DLC_resnet50_gecko02Mar17shuffle1_730000,DLC_resnet50_gecko02Mar17shuffle1_730000,DLC_resnet50_gecko02Mar17shuffle1_730000,DLC_resnet50_gecko02Mar17shuffle1_730000,DLC_resnet50_gecko02Mar17shuffle1_730000,DLC_resnet50_gecko02Mar17shuffle1_730000,DLC_resnet50_gecko02Mar17shuffle1_730000,DLC_resnet50_gecko02Mar17shuffle1_730000,DLC_resnet50_gecko02Mar17shuffle1_730000,DLC_resnet50_gecko02Mar17shuffle1_730000,DLC_resnet50_gecko02Mar17shuffle1_730000,DLC_resnet50_gecko02Mar17shuffle1_730000,DLC_resnet50_gecko02Mar17shuffle1_730000,DLC_resnet50_gecko02Mar17shuffle1_730000,DLC_resnet50_gecko02Mar17shuffle1_730000,DLC_resnet50_gecko02Mar17shuffle1_730000,DLC_resnet50_gecko02Mar17shuffle1_730000,DLC_resnet50_gecko02Mar17shuffle1_730000,DLC_resnet50_gecko02Mar17shuffle1_730000,DLC_resnet50_gecko02Mar17shuffle1_730000,DLC_resnet50_gecko02Mar17shuffle1_730000,DLC_resnet50_gecko02Mar17shuffle1_730000,DLC_resnet50_gecko02Mar17shuffle1_730000,DLC_resnet50_gecko02Mar17shuffle1_730000,DLC_resnet50_gecko02Mar17shuffle1_730000,DLC_resnet50_gecko02Mar17shuffle1_730000,DLC_resnet50_gecko02Mar17shuffle1_730000,DLC_resnet50_gecko02Mar17shuffle1_730000,DLC_resnet50_gecko02Mar17shuffle1_730000,DLC_resnet50_gecko02Mar17shuffle1_730000,DLC_resnet50_gecko02Mar17shuffle1_730000,DLC_resnet50_gecko02Mar17shuffle1_730000,DLC_resnet50_gecko02Mar17shuffle1_730000,DLC_resnet50_gecko02Mar17shuffle1_730000,DLC_resnet50_gecko02Mar17shuffle1_730000,DLC_resnet50_gecko02Mar17shuffle1_730000,DLC_resnet50_gecko02Mar17shuffle1_730000,DLC_resnet50_gecko02Mar17shuffle1_730000,DLC_resnet50_gecko02Mar17shuffle1_730000,DLC_resnet50_gecko02Mar17shuffle1_730000,DLC_resnet50_gecko02Mar17shuffle1_730000,DLC_resnet50_gecko02Mar17shuffle1_730000,DLC_resnet50_gecko02Mar17shuffle1_730000,DLC_resnet50_gecko02Mar17shuffle1_730000,DLC_resnet50_gecko02Mar17shuffle1_730000,DLC_resnet50_gecko02Mar17shuffle1_730000,DLC_resnet50_gecko02Mar17shuffle1_730000,DLC_resnet50_gecko02Mar17shuffle1_730000,DLC_resnet50_gecko02Mar17shuffle1_730000,DLC_resnet50_gecko02Mar17shuffle1_730000,DLC_resnet50_gecko02Mar17shuffle1_730000,DLC_resnet50_gecko02Mar17shuffle1_730000,DLC_resnet50_gecko02Mar17shuffle1_730000,DLC_resnet50_gecko02Mar17shuffle1_730000,DLC_resnet50_gecko02Mar17shuffle1_730000,DLC_resnet50_gecko02Mar17shuffle1_730000,DLC_resnet50_gecko02Mar17shuffle1_730000,DLC_resnet50_gecko02Mar17shuffle1_730000,DLC_resnet50_gecko02Mar17shuffle1_730000,DLC_resnet50_gecko02Mar17shuffle1_730000,DLC_resnet50_gecko02Mar17shuffle1_730000,DLC_resnet50_gecko02Mar17shuffle1_730000,DLC_resnet50_gecko02Mar17shuffle1_730000,DLC_resnet50_gecko02Mar17shuffle1_730000,DLC_resnet50_gecko02Mar17shuffle1_730000,DLC_resnet50_gecko02Mar17shuffle1_730000,DLC_resnet50_gecko02Mar17shuffle1_730000,DLC_resnet50_gecko02Mar17shuffle1_730000,DLC_resnet50_gecko02Mar17shuffle1_730000,DLC_resnet50_gecko02Mar17shuffle1_730000,DLC_resnet50_gecko02Mar17shuffle1_730000,DLC_resnet50_gecko02Mar17shuffle1_730000,DLC_resnet50_gecko02Mar17shuffle1_730000,DLC_resnet50_gecko02Mar17shuffle1_730000,DLC_resnet50_gecko02Mar17shuffle1_730000,DLC_resnet50_gecko02Mar17shuffle1_730000,DLC_resnet50_gecko02Mar17shuffle1_730000,DLC_resnet50_gecko02Mar17shuffle1_730000,DLC_resnet50_gecko02Mar17shuffle1_730000,DLC_resnet50_gecko02Mar17shuffle1_730000,DLC_resnet50_gecko02Mar17shuffle1_730000,DLC_resnet50_gecko02Mar17shuffle1_730000,DLC_resnet50_gecko02Mar17shuffle1_730000,DLC_resnet50_gecko02Mar17shuffle1_730000,DLC_resnet50_gecko02Mar17shuffle1_730000,DLC_resnet50_gecko02Mar17shuffle1_730000,DLC_resnet50_gecko02Mar17shuffle1_730000,DLC_resnet50_gecko02Mar17shuffle1_730000,DLC_resnet50_gecko02Mar17shuffle1_730000,DLC_resnet50_gecko02Mar17shuffle1_730000,DLC_resnet50_gecko02Mar17shuffle1_730000,DLC_resnet50_gecko02Mar17shuffle1_730000,DLC_resnet50_gecko02Mar17shuffle1_730000,DLC_resnet50_gecko02Mar17shuffle1_730000,DLC_resnet50_gecko02Mar17shuffle1_730000,DLC_resnet50_gecko02Mar17shuffle1_730000,DLC_resnet50_gecko02Mar17shuffle1_730000,DLC_resnet50_gecko02Mar17shuffle1_730000,DLC_resnet50_gecko02Mar17shuffle1_730000,DLC_resnet50_gecko02Mar17shuffle1_730000,DLC_resnet50_gecko02Mar17shuffle1_730000,DLC_resnet50_gecko02Mar17shuffle1_730000,DLC_resnet50_gecko02Mar17shuffle1_730000,DLC_resnet50_gecko02Mar17shuffle1_730000,DLC_resnet50_gecko02Mar17shuffle1_730000,DLC_resnet50_gecko02Mar17shuffle1_730000,DLC_resnet50_gecko02Mar17shuffle1_730000,DLC_resnet50_gecko02Mar17shuffle1_730000,DLC_resnet50_gecko02Mar17shuffle1_730000
bodyparts,Nose,Nose,Nose,Shoulder,Shoulder,Shoulder,Shoulder_FR,Shoulder_FR,Shoulder_FR,Shoulder_FL,Shoulder_FL,Shoulder_FL,Shoulder_HL,Shoulder_HL,Shoulder_HL,Shoulder_HR,Shoulder_HR,Shoulder_HR,Spine,Spine,Spine,Hip,Hip,Hip,Tail_middle,Tail_middle,Tail_middle,Tail_tip,Tail_tip,Tail_tip,FL_knee,FL_knee,FL_knee,FL,FL,FL,FL_ti,FL_ti,FL_ti,FL_ti1,FL_ti1,FL_ti1,FL_tm,FL_tm,FL_tm,FL_to1,FL_to1,FL_to1,FL_to,FL_to,FL_to,FR_knee,FR_knee,FR_knee,FR,FR,FR,FR_ti,FR_ti,FR_ti,FR_ti1,FR_ti1,FR_ti1,FR_tm,FR_tm,FR_tm,FR_to1,FR_to1,FR_to1,FR_to,FR_to,FR_to,HR_knee,HR_knee,HR_knee,HR,HR,HR,HR_ti,HR_ti,HR_ti,HR_ti1,HR_ti1,HR_ti1,HR_tm,HR_tm,HR_tm,HR_to1,HR_to1,HR_to1,HR_to,HR_to,HR_to,HL_knee,HL_knee,HL_knee,HL,HL,HL,HL_ti,HL_ti,HL_ti,HL_ti1,HL_ti1,HL_ti1,HL_tm,HL_tm,HL_tm,HL_to1,HL_to1,HL_to1,HL_to,HL_to,HL_to
coords,x,y,likelihood,x,y,likelihood,x,y,likelihood,x,y,likelihood,x,y,likelihood,x,y,likelihood,x,y,likelihood,x,y,likelihood,x,y,likelihood,x,y,likelihood,x,y,likelihood,x,y,likelihood,x,y,likelihood,x,y,likelihood,x,y,likelihood,x,y,likelihood,x,y,likelihood,x,y,likelihood,x,y,likelihood,x,y,likelihood,x,y,likelihood,x,y,likelihood,x,y,likelihood,x,y,likelihood,x,y,likelihood,x,y,likelihood,x,y,likelihood,x,y,likelihood,x,y,likelihood,x,y,likelihood,x,y,likelihood,x,y,likelihood,x,y,likelihood,x,y,likelihood,x,y,likelihood,x,y,likelihood,x,y,likelihood,x,y,likelihood
0,304.8461608886719,167.92044067382812,1.0,252.32400512695312,172.2989959716797,0.9999997615814209,255.5885467529297,180.48147583007812,0.9999998807907104,247.9933319091797,165.30323791503906,0.9999999403953552,193.30316162109375,183.6825714111328,0.9999756813049316,192.1959686279297,195.414306640625,0.9999995231628418,224.3446807861328,184.327880859375,0.9999994039535522,191.9119110107422,189.29090881347656,0.9999998807907104,147.75250244140625,198.21249389648438,0.989199161529541,117.09192657470703,229.1515655517578,0.005610436201095581,236.24609375,158.5875701904297,0.9999982118606567,224.2220916748047,153.34982299804688,0.9964460134506226,215.4786376953125,147.79800415039062,0.4972279965877533,224.14630126953125,143.98927307128906,0.28621095418930054,227.15817260742188,148.37176513671875,0.17196893692016602,227.484619140625,154.23887634277344,0.6270104050636292,224.3023223876953,159.16754150390625,0.0697542130947113,260.0859069824219,195.18470764160156,0.9999998807907104,272.5213928222656,197.46315002441406,0.9999998807907104,272.49542236328125,205.28985595703125,0.9999986886978149,279.1520690917969,204.25999450683594,0.9999992847442627,283.275390625,198.50347900390625,0.9999991059303284,280.6650085449219,192.81881713867188,0.9999918937683105,274.6175537109375,190.1067657470703,0.9999942183494568,193.70541381835938,210.06161499023438,0.9999694228172302,183.62693786621094,215.06886291503906,0.9997421503067017,186.15980529785156,210.91946411132812,0.06315743923187256,192.99147033691406,212.86431884765625,0.12566974759101868,190.9556884765625,215.75433349609375,0.9976001977920532,189.93373107910156,220.16354370117188,0.9977394938468933,182.11436462402344,219.79013061523438,0.9965959787368774,203.28126525878906,172.27926635742188,0.999955415725708,204.31463623046875,156.06417846679688,0.9998700022697449,208.05615234375,162.63217163085938,0.9959224462509155,212.6439208984375,160.1822509765625,0.9996182918548584,210.63314819335938,150.6074676513672,0.9996665716171265,207.20094299316406,146.78143310546875,0.9997198581695557,197.93165588378906,148.70632934570312,0.999997615814209
1,304.77423095703125,167.8419952392578,1.0,252.34271240234375,172.17861938476562,0.9999997615814209,255.59327697753906,180.41317749023438,0.9999998807907104,248.26629638671875,165.1685333251953,1.0,193.1588134765625,183.16586303710938,0.9999744296073914,192.24176025390625,195.3567352294922,0.9999997019767761,224.2532196044922,184.0753631591797,0.9999994039535522,191.6182861328125,189.25674438476562,0.9999998211860657,145.46437072753906,198.36451721191406,0.9852038621902466,122.21849060058594,227.3994903564453,0.019729316234588623,236.69955444335938,158.60842895507812,0.9999982118606567,224.31329345703125,153.145263671875,0.9957377910614014,215.853759765625,148.01406860351562,0.4462825059890747,224.22943115234375,144.07711791992188,0.27551233768463135,227.31495666503906,148.1522674560547,0.15826064348220825,227.6756134033203,154.03024291992188,0.5790184736251831,224.6746063232422,158.85813903808594,0.07342720031738281,259.9681396484375,195.10525512695312,0.9999998211860657,272.5411682128906,197.3874969482422,0.9999999403953552,272.60546875,205.22967529296875,0.9999984502792358,279.17138671875,204.13412475585938,0.9999991059303284,283.2497863769531,198.4539337158203,0.9999990463256836,280.64349365234375,192.7877960205078,0.9999911785125732,274.6138610839844,190.0929718017578,0.9999938011169434,194.57577514648438,209.9195556640625,0.9999850988388062,183.96600341796875,215.4114227294922,0.9997835755348206,186.28738403320312,211.04281616210938,0.021295249462127686,191.66384887695312,210.41285705566406,0.02829107642173767,191.32037353515625,215.50265502929688,0.9922938346862793,189.22581481933594,220.5034942626953,0.9958449602127075,182.4044647216797,219.96986389160156,0.9942268133163452,203.7451171875,171.9650115966797,0.999961256980896,204.48507690429688,156.43736267089844,0.999842643737793,209.18734741210938,161.39959716796875,0.9936789870262146,213.19448852539062,160.06541442871094,0.9996365308761597,210.64210510253906,150.51158142089844,0.9998120665550232,207.34934997558594,146.86866760253906,0.9998476505279541,198.2868194580078,148.93795776367188,0.9999980926513672
2,304.8635559082031,167.98582458496094,1.0,252.13575744628906,172.3275146484375,0.9999998807907104,255.39454650878906,180.47055053710938,0.9999998807907104,247.90740966796875,165.2601776123047,1.0,192.3600616455078,182.96832275390625,0.9999724626541138,191.67950439453125,195.22854614257812,0.9999994039535522,223.9468536376953,184.04322814941406,0.9999993443489075,190.8403778076172,189.04962158203125,0.9999997615814209,145.8677978515625,194.31640625,0.9890884160995483,124.66773223876953,221.7356719970703,0.010324358940124512,236.86517333984375,158.72499084472656,0.9999986886978149,224.3016357421875,153.1809844970703,0.9970288872718811,215.79888916015625,148.06158447265625,0.4059106111526489,224.20111083984375,144.24758911132812,0.23878547549247742,227.47476196289062,148.44464111328125,0.16723614931106567,227.81497192382812,154.11312866210938,0.5968539714813232,224.67584228515625,158.8349609375,0.07976844906806946,259.8663330078125,195.1412353515625,0.9999997615814209,272.4039001464844,197.40286254882812,0.9999999403953552,272.5596923828125,205.36135864257812,0.9999984502792358,279.12890625,204.21786499023438,0.9999991655349731,283.17181396484375,198.57400512695312,0.9999989867210388,280.607421875,192.8453826904297,0.9999909400939941,274.5122375488281,190.11407470703125,0.9999939799308777,194.84535217285156,209.6186981201172,0.9999806880950928,183.8928680419922,215.6231689453125,0.9997031688690186,186.79844665527344,211.29100036621094,0.016854524612426758,191.37307739257812,210.26866149902344,0.032064586877822876,190.69406127929688,215.40985107421875,0.9919381141662598,190.08016967773438,221.16049194335938,0.994450032711029,182.1743927001953,220.01605224609375,0.991354763507843,202.78988647460938,171.976806640625,0.9999561309814453,204.24667358398438,156.75096130371094,0.9997691512107849,208.87106323242188,161.28843688964844,0.9946882724761963,213.15176391601562,160.24244689941406,0.9996318817138672,210.18264770507812,150.62867736816406,0.9997255802154541,207.0534210205078,146.84945678710938,0.9998068809509277,198.0206298828125,149.12872314453125,0.9999984502792358
3,304.90380859375,168.13731384277344,1.0,252.2537841796875,172.27178955078125,0.9999998807907104,255.43499755859375,180.36216735839844,0.9999999403953552,248.050537109375,165.19056701660156,1.0,191.08673095703125,182.07476806640625,0.9999473094940186,188.64956665039062,195.4071502685547,0.9999990463256836,223.73562622070312,184.00088500976562,0.9999994039535522,189.0694580078125,188.11476135253906,0.999999463558197,136.67335510253906,196.5974578857422,0.8184345960617065,233.38478088378906,152.81756591796875,0.001966118812561035,237.00689697265625,158.55157470703125,0.999998927116394,224.5036163330078,153.22756958007812,0.9982637166976929,220.0156707763672,150.39422607421875,0.3606208264827728,224.4659881591797,144.31455993652344,0.23057666420936584,227.62506103515625,148.74447631835938,0.20938491821289062,227.93408203125,154.35183715820312,0.669124960899353,224.8241729736328,159.74725341796875,0.0905117392539978,259.74908447265625,195.01791381835938,0.9999998211860657,272.3523864746094,197.42538452148438,0.9999998807907104,272.474853515625,205.328125,0.9999985694885254,279.0411071777344,204.17689514160156,0.9999992847442627,283.1266174316406,198.6484375,0.9999989867210388,280.5677795410156,192.9007568359375,0.9999906420707703,274.396728515625,190.24588012695312,0.9999937415122986,194.3382110595703,210.4214630126953,0.9999874234199524,183.9066925048828,214.85923767089844,0.9999074935913086,186.712158203125,210.92674255371094,0.037387847900390625,191.19334411621094,213.4629364013672,0.1138598620891571,190.19850158691406,214.7023468017578,0.9930568933486938,189.55819702148438,220.46055603027344,0.9916546940803528,182.20330810546875,219.17982482910156,0.9941823482513428,202.2122039794922,170.94651794433594,0.9999585151672363,204.73458862304688,156.2411651611328,0.9995681047439575,209.08726501464844,161.02647399902344,0.9951773881912231,213.2855682373047,160.11915588378906,0.999191164970398,210.42013549804688,150.4752197265625,0.9994684457778931,207.4962158203125,146.2302703857422,0.9994734525680542,198.17172241210938,148.22943115234375,0.9999972581863403
4,304.77520751953125,167.8938446044922,1.0,252.46771240234375,172.29840087890625,0.9999998211860657,255.59823608398438,180.3010711669922,0.9999998807907104,248.37928771972656,165.07618713378906,0.9999999403953552,188.37022399902344,180.93495178222656,0.9999861717224121,188.02911376953125,195.71414184570312,0.9999996423721313,224.02403259277344,184.01605224609375,0.9999995231628418,187.4678955078125,188.327880859375,0.9999996423721313,138.97512817382812,192.3761444091797,0.9731099605560303,121.73347473144531,217.5115509033203,0.0897500216960907,237.12081909179688,158.3917236328125,0.9999992251396179,224.89561462402344,152.90670776367188,0.9985860586166382,220.4522705078125,150.48953247070312,0.3711487650871277,224.75204467773438,144.4871368408203,0.22308045625686646,227.87559509277344,148.62448120117188,0.25460660457611084,228.12677001953125,154.08265686035156,0.7186594009399414,225.025146484375,159.3424530029297,0.08400857448577881,259.8564147949219,194.9337158203125,0.9999998211860657,272.37408447265625,197.33270263671875,0.9999999403953552,272.55084228515625,205.28903198242188,0.9999984502792358,279.1422119140625,204.12109375,0.9999991655349731,283.13397216796875,198.59716796875,0.999998927116394,280.5386047363281,192.8253936767578,0.99998939037323,274.3583984375,190.2403564453125,0.9999933242797852,194.4468231201172,209.66432189941406,0.9999937415122986,182.4137420654297,213.3737030029297,0.9999711513519287,186.28819274902344,209.93292236328125,0.121270090341568,191.0917205810547,212.79638671875,0.26402539014816284,189.20816040039062,215.3441925048828,0.9974933862686157,186.459716796875,220.574462890625,0.9922645092010498,178.74301147460938,219.22195434570312,0.998849093914032,201.59072875976562,170.75259399414062,0.999958872795105,206.8734588623047,152.27285766601562,0.9994992613792419,209.59132385253906,160.33705139160156,0.9959635734558105,213.87062072753906,159.22984313964844,0.9989441633224487,210.8753204345703,150.16488647460938,0.9995680451393127,207.98385620117188,145.8132781982422,0.9994574785232544,198.5529327392578,147.62139892578125,0.9999967813491821
5,304.97021484375,168.18800354003906,0.9999999403953552,252.38746643066406,172.24148559570312,0.9999998211860657,255.656494140625,180.21641540527344,0.9999998807907104,248.15530395507812,164.9558563232422,1.0,189.13026428222656,181.27288818359375,0.999991238117218,188.3550567626953,196.4056396484375,0.9999996423721313,223.74237060546875,183.9234619140625,0.9999992847442627,188.2931365966797,188.54965209960938,0.9999997019767761,143.72476196289062,191.1981658935547,0.9738556742668152,122.6572036743164,215.456787109375,0.02465835213661194,237.00808715820312,158.445068359375,0.9999989867210388,224.86692810058594,153.01553344726562,0.9985432624816895,220.67274475097656,150.53024291992188,0.3969074487686157,224.5651092529297,144.60794067382812,0.22796058654785156,227.80642700195312,148.7895965576172,0.21306949853897095,227.83517456054688,154.15170288085938,0.6532837152481079,224.79017639160156,158.49786376953125,0.07709664106369019,259.7588195800781,194.9873046875,0.9999997615814209,272.3463439941406,197.38619995117188,0.9999999403953552,272.5998229980469,205.2864990234375,0.9999979734420776,278.986572265625,204.13601684570312,0.999998927116394,283.0802001953125,198.6753387451172,0.9999986886978149,280.537353515625,192.97657775878906,0.9999863505363464,274.4309997558594,190.30482482910156,0.999991774559021,194.36729431152344,209.21957397460938,0.999992847442627,182.54042053222656,213.42434692382812,0.9999856948852539,185.59486389160156,209.52426147460938,0.12413179874420166,191.38735961914062,213.18760681152344,0.18989428877830505,188.8434600830078,216.080078125,0.9964613318443298,187.04559326171875,220.4454345703125,0.9984211921691895,177.23648071289062,219.02728271484375,0.9992803335189819,201.11326599121094,171.5701141357422,0.9999514222145081,205.1197052001953,156.78834533691406,0.9997167587280273,209.5966033935547,160.62083435058594,0.9981904029846191,214.08639526367188,159.6819610595703,0.999592661857605,210.8711700439453,150.26614379882812,0.9996973872184753,207.9859161376953,146.29808044433594,0.9996325969696045,198.80426025390625,148.05845642089844,0.9999972581863403
6,305.0177917480469,168.19187927246094,0.9999999403953552,252.53427124023438,172.29977416992188,0.9999997615814209,255.7781219482422,180.2684326171875,0.9999998807907104,248.36082458496094,164.98971557617188,1.0,189.80821228027344,181.46881103515625,0.9999917149543762,189.02684020996094,196.34779357910156,0.9999992847442627,223.7214813232422,184.02903747558594,0.9999994039535522,189.13333129882812,188.6102294921875,0.9999992847442627,144.93576049804688,194.73687744140625,0.9940768480300903,120.23177337646484,209.41563415527344,0.5781689286231995,236.67733764648438,158.4296417236328,0.9999986886978149,224.58612060546875,153.05625915527344,0.9980581998825073,220.62698364257812,150.47801208496094,0.5311610698699951,224.50729370117188,144.88832092285156,0.27705639600753784,227.77545166015625,148.84925842285156,0.16632604598999023,227.6591339111328,154.19302368164062,0.5169042944908142,224.8414306640625,158.69122314453125,0.07247227430343628,259.9026184082031,195.02261352539062,0.9999997615814209,272.35589599609375,197.40858459472656,0.9999998807907104,272.6534729003906,205.32644653320312,0.9999979734420776,279.0771484375,204.18983459472656,0.999998927116394,283.13043212890625,198.7132568359375,0.9999986886978149,280.5600280761719,193.02430725097656,0.999984860420227,274.474365234375,190.32276916503906,0.9999912977218628,194.6234130859375,208.8342742919922,0.9999962449073792,181.74618530273438,213.0270233154297,0.9999853372573853,179.5521697998047,208.99029541015625,0.06694650650024414,191.43978881835938,212.4449462890625,0.09459379315376282,189.0577850341797,215.50782775878906,0.9958837628364563,187.0242462158203,220.05844116210938,0.9977477788925171,177.2307586669922,219.1524658203125,0.9988142251968384,202.116943359375,170.66943359375,0.9999455213546753,204.5355987548828,157.0819091796875,0.999868631362915,209.46041870117188,160.71905517578125,0.9971643090248108,213.92266845703125,159.8661651611328,0.999606728553772,210.5050811767578,150.48838806152344,0.9997934699058533,207.824951171875,146.87484741210938,0.9998030662536621,198.7768096923828,148.9141387939453,0.9999977946281433
7,304.98406982421875,167.94729614257812,1.0,252.5026397705078,172.27967834472656,0.9999997019767761,255.8060760498047,180.37496948242188,0.9999999403953552,248.41387939453125,165.0547332763672,1.0,190.65443420410156,180.25204467773438,0.9999914169311523,189.36277770996094,194.52096557617188,0.9999991655349731,223.5705108642578,183.9652557373047,0.9999995231628418,189.73703002929688,186.74586486816406,0.9999991655349731,145.31016540527344,188.43666076660156,0.9738051295280457,120.44926452636719,205.66244506835938,0.3610127568244934,236.8643035888672,158.58766174316406,0.999998152256012,224.55618286132812,153.08998107910156,0.9980149269104004,220.63888549804688,150.71099853515625,0.6677706837654114,224.5489959716797,145.34568786621094,0.3062050938606262,227.69146728515625,148.94012451171875,0.1438426375389099,227.5435028076172,154.42706298828125,0.40929707884788513,224.6680450439453,159.02096557617188,0.07889747619628906,259.9560546875,195.10153198242188,0.9999997615814209,272.3747863769531,197.48458862304688,0.9999999403953552,272.5687561035156,205.3895263671875,0.9999979734420776,279.01812744140625,204.3328857421875,0.9999989867210388,283.21441650390625,198.79725646972656,0.999998927116394,280.57177734375,193.0786895751953,0.999987006187439,274.54345703125,190.36102294921875,0.9999924898147583,194.04843139648438,209.1929168701172,0.9999967813491821,181.8480682373047,211.62393188476562,0.9999905824661255,180.01678466796875,208.0193634033203,0.010030627250671387,191.74081420898438,210.8350830078125,0.02818015217781067,188.48130798339844,214.9390869140625,0.9888465404510498,185.1573944091797,219.94464111328125,0.9978456497192383,176.26705932617188,216.5380096435547,0.9991894960403442,202.2261505126953,170.0426025390625,0.9999539852142334,204.55368041992188,157.1165313720703,0.9998630285263062,209.1998291015625,160.94784545898438,0.9961923360824585,213.6967315673828,159.90286254882812,0.9997814893722534,210.43568420410156,150.86997985839844,0.9999033212661743,208.01318359375,147.65261840820312,0.9999304413795471,198.65792846679688,149.16908264160156,0.9999985098838806
8,305.0158996582031,168.1782989501953,1.0,252.4458770751953,172.23330688476562,0.9999998807907104,255.7462158203125,180.32278442382812,0.9999998807907104,248.45510864257812,165.22256469726562,1.0,192.52261352539062,181.3739776611328,0.999936580657959,190.56689453125,194.49374389648438,0.9999990463256836,223.79348754882812,184.07382202148438,0.9999994039535522,191.1917724609375,187.9076690673828,0.9999989867210388,147.06468200683594,188.58677673339844,0.9440284967422485,115.81295013427734,202.53909301757812,0.7693568468093872,237.5544891357422,158.78956604003906,0.9999986886978149,224.55296325683594,153.20513916015625,0.998324453830719,220.6865234375,150.72918701171875,0.5371615886688232,224.4652557373047,145.59841918945312,0.2392866313457489,227.84683227539062,149.23855590820312,0.14788681268692017,227.9599609375,154.73243713378906,0.3991089463233948,224.64439392089844,159.03346252441406,0.07610106468200684,260.1153259277344,195.0917510986328,0.9999998211860657,272.3600158691406,197.41758728027344,0.9999999403953552,272.4912109375,205.46409606933594,0.9999983310699463,279.03240966796875,204.42677307128906,0.9999992251396179,283.16961669921875,198.79400634765625,0.999998927116394,280.60601806640625,193.00494384765625,0.9999897480010986,274.45013427734375,190.22445678710938,0.9999938011169434,194.0850830078125,208.93743896484375,0.9999967813491821,182.6534881591797,211.92481994628906,0.999980092048645,184.12521362304688,206.84263610839844,0.004964888095855713,192.39224243164062,210.60736083984375,0.051114439964294434,189.29559326171875,215.4475860595703,0.9944692850112915,184.814453125,220.72337341308594,0.9991726279258728,176.41921997070312,216.33592224121094,0.9995943307876587,202.82713317871094,170.0308380126953,0.9998921155929565,204.7628173828125,156.5225067138672,0.9997015595436096,208.9860076904297,160.7837677001953,0.9938805103302002,214.11289978027344,159.38916015625,0.9996641874313354,210.02867126464844,151.03411865234375,0.9998983144760132,207.73204040527344,147.70008850097656,0.9999196529388428,198.20962524414062,149.3799591064453,0.9999983310699463
9,305.7958068847656,168.19549560546875,1.0,252.54513549804688,171.92347717285156,0.9999997615814209,255.9879150390625,180.18544006347656,0.9999998807907104,248.62950134277344,164.93389892578125,0.9999999403953552,192.87815856933594,181.66246032714844,0.9999040961265564,190.56211853027344,194.2513427734375,0.9999992251396179,223.53433227539062,183.80679321289062,0.9999994039535522,191.8565673828125,187.96035766601562,0.9999994039535522,152.01412963867188,187.50421142578125,0.47516077756881714,117.46061706542969,199.94825744628906,0.06092268228530884,238.14230346679688,158.73028564453125,0.9999986886978149,224.85984802246094,152.6636962890625,0.9984978437423706,220.43429565429688,150.68435668945312,0.5886768102645874,224.1819610595703,145.41799926757812,0.26598644256591797,228.18345642089844,148.6641845703125,0.15965372323989868,228.34762573242188,154.08615112304688,0.4473220109939575,224.65878295898438,158.7556915283203,0.06525561213493347,260.4802551269531,194.98809814453125,0.9999998807907104,272.18756103515625,197.3529510498047,0.9999999403953552,273.04925537109375,206.41064453125,0.9999984502792358,278.9523620605469,204.68817138671875,0.9999994039535522,283.0712585449219,198.8672637939453,0.9999990463256836,280.4781494140625,192.99600219726562,0.9999932646751404,274.43255615234375,190.0908660888672,0.9999940991401672,194.16868591308594,208.81707763671875,0.9999971985816956,181.4505157470703,211.1459197998047,0.9999881982803345,179.3043670654297,207.4755859375,0.008428633213043213,192.31446838378906,210.44512939453125,0.04887005686759949,188.94143676757812,215.63031005859375,0.9902123808860779,182.64956665039062,220.87124633789062,0.9984968900680542,174.61143493652344,215.64576721191406,0.9988144636154175,202.99404907226562,170.45346069335938,0.9997108578681946,203.9989471435547,156.32298278808594,0.999792754650116,208.44631958007812,159.81890869140625,0.9828019142150879,213.7997589111328,158.9257354736328,0.9979268312454224,210.27996826171875,151.20770263671875,0.999848484992981,207.6524200439453,147.5157470703125,0.9999155402183533,197.9864501953125,149.7788543701172,0.9999980330467224
10,308.3712463378906,169.864013671875,1.0,257.48907470703125,171.0657196044922,0.9999997615814209,258.7725830078125,178.96397399902344,1.0,252.66880798339844,162.6771240234375,0.9999998807907104,193.52728271484375,184.17556762695312,0.9998906850814819,191.56246948242188,195.5374755859375,0.9999997019767761,226.48704528808594,181.21241760253906,0.9999995231628418,192.1923370361328,190.08831787109375,0.9999999403953552,152.86489868164062,192.04379272460938,0.9781047105789185,107.75821685791016,201.61582946777344,0.06487229466438293,240.58485412597656,155.44400024414062,0.9999724626541138,229.2320556640625,151.17874145507812,0.9873031377792358,225.97637939453125,150.2045135498047,0.6370540857315063,227.46441650390625,148.97476196289062,0.033604711294174194,232.8312225341797,151.1560516357422,0.004289060831069946,233.3961944580078,153.29574584960938,0.008287936449050903,226.5418243408203,158.281005859375,0.007202476263046265,260.6071472167969,192.49798583984375,0.9999998211860657,271.3481750488281,196.72579956054688,0.9999997615814209,271.4765930175781,204.3467254638672,0.9999958872795105,277.633544921875,204.31698608398438,0.9999997019767761,281.5700988769531,199.114990234375,0.9999983310699463,279.6601867675781,193.10182189941406,0.9999799728393555,272.7594299316406,190.4392852783203,0.999934196472168,193.91488647460938,211.0542755126953,0.9999557733535767,179.21151733398438,215.05079650878906,0.9999734163284302,176.1927947998047,210.66371154785156,0.08521375060081482,189.83099365234375,211.38758850097656,0.046192049980163574,189.3719940185547,217.4027862548828,0.9948962926864624,186.9526824951172,221.57373046875,0.9988106489181519,176.55987548828125,220.33395385742188,0.998830258846283,202.78866577148438,170.22140502929688,0.9952676296234131,202.91502380371094,157.57632446289062,0.9980957508087158,208.12025451660156,161.3580322265625,0.3062998056411743,211.1459503173828,159.34771728515625,0.8903864622116089,207.2843475341797,156.17820739746094,0.9944494962692261,206.01046752929688,151.39532470703125,0.9983369708061218,196.68106079101562,151.93092346191406,0.9999865293502808
11,315.5259704589844,168.47412109375,0.9999994039535522,264.7116394042969,170.61569213867188,0.9999991655349731,263.81829833984375,177.9788055419922,0.9999947547912598,260.89605712890625,162.7602996826172,0.9999998807907104,202.29063415527344,182.1307830810547,0.9999877214431763,199.64389038085938,191.70394897460938,0.9999987483024597,233.8282928466797,175.7718963623047,0.9999988079071045,201.4057159423828,186.1936492919922,0.9999994039535522,163.93475341796875,190.3660888671875,0.9995497465133667,139.3589630126953,191.9680633544922,0.015918076038360596,247.81495666503906,155.09005737304688,0.9997780323028564,234.4284210205078,149.73887634277344,0.9813524484634399,228.52682495117188,150.7171630859375,0.4602787494659424,234.28004455566406,152.3970489501953,0.01603713631629944,240.335693359375,151.8639678955078,0.0013089478015899658,309.3561706542969,155.6005096435547,0.0006107687950134277,232.98072814941406,158.6940155029297,0.0028426051139831543,263.4422912597656,191.42056274414062,0.9999992847442627,270.843505859375,196.34629821777344,0.9999997615814209,271.0644836425781,206.3263397216797,0.9999963045120239,276.9449768066406,204.2522735595703,0.9999996423721313,281.1912536621094,199.1622772216797,0.9999969601631165,278.13165283203125,193.65948486328125,0.9999867677688599,271.3873596191406,190.58724975585938,0.9986351728439331,194.7272186279297,210.60931396484375,0.9998235106468201,178.62155151367188,216.5740509033203,0.9998060464859009,175.10011291503906,211.69525146484375,0.09768125414848328,188.7842559814453,212.8341064453125,0.23278895020484924,190.34011840820312,217.630859375,0.9967398643493652,188.54637145996094,221.85870361328125,0.9994781613349915,177.7106170654297,221.6034393310547,0.9992183446884155,206.2293243408203,166.84771728515625,0.9968204498291016,201.38162231445312,157.13673400878906,0.9986531734466553,209.1824951171875,158.8563995361328,0.004863172769546509,213.1994171142578,157.32156372070312,0.026594191789627075,205.9439697265625,157.342041015625,0.7826324701309204,203.93455505371094,152.2878875732422,0.9918606281280518,196.4917755126953,150.52056884765625,0.9997182488441467
12,325.7701110839844,168.3038787841797,1.0,275.4094543457031,171.52708435058594,0.9999992847442627,273.5885009765625,181.52371215820312,0.999998927116394,273.252685546875,162.2848663330078,1.0,209.79547119140625,180.1595001220703,0.9999402165412903,208.61126708984375,191.63832092285156,0.9998947381973267,243.69029235839844,174.02932739257812,0.9999783039093018,209.16810607910156,184.70396423339844,0.9999601244926453,159.23028564453125,193.6591339111328,0.9624640345573425,123.45697784423828,194.88438415527344,0.06516936421394348,266.60284423828125,153.51708984375,0.9991495609283447,268.1999816894531,144.8374786376953,0.34146419167518616,265.0879211425781,140.68435668945312,0.011884361505508423,267.0903625488281,133.0342559814453,0.007460206747055054,325.7882995605469,152.63412475585938,0.00403168797492981,326.1510009765625,154.06130981445312,0.0017634034156799316,255.024169921875,193.87940979003906,0.0010814070701599121,268.23114013671875,191.50845336914062,0.9999924898147583,271.9826354980469,198.18612670898438,0.9999998211860657,271.79541015625,204.88992309570312,0.9999935626983643,279.2801208496094,203.60702514648438,0.999999463558197,281.16473388671875,198.13671875,0.9999971389770508,277.9060363769531,192.3646240234375,0.9999769926071167,270.82305908203125,192.95321655273438,0.9979149103164673,196.3789520263672,211.96156311035156,0.9951987862586975,184.78297424316406,216.76185607910156,0.9998762607574463,183.3073272705078,210.58905029296875,0.9616942405700684,193.07650756835938,215.13214111328125,0.8872595429420471,193.94375610351562,217.9788818359375,0.9990240931510925,191.47189331054688,223.4803924560547,0.9851031303405762,179.60903930664062,220.95578002929688,0.906934380531311,207.37742614746094,165.21163940429688,0.9981062412261963,199.84768676757812,162.2397918701172,0.9994474649429321,200.2513885498047,165.85365295410156,0.0005853772163391113,204.34817504882812,160.34066772460938,0.0027112960815429688,202.5982666015625,157.54119873046875,0.2084115743637085,198.59854125976562,154.6207275390625,0.8745948076248169,192.3827362060547,152.7255859375,0.8951453566551208
13,340.5081481933594,168.49365234375,0.9999997615814209,290.7284240722656,172.95684814453125,0.9999990463256836,286.13348388671875,181.40594482421875,0.9999954700469971,292.94775390625,164.8113555908203,0.9999997615814209,220.6747283935547,177.90628051757812,0.9999866485595703,221.87913513183594,189.9060516357422,0.9999891519546509,259.30908203125,172.8848876953125,0.9999983906745911,221.9281768798828,182.8400115966797,0.9999871850013733,183.03602600097656,182.6728515625,0.5690577030181885,138.5127716064453,193.69065856933594,0.9684997797012329,300.28216552734375,153.6142578125,0.9999786615371704,314.61376953125,149.60577392578125,0.999998927116394,314.5616455078125,143.1783905029297,0.9999617338180542,320.3505554199219,143.35971069335938,0.9999963045120239,322.8946838378906,148.2003173828125,1.0,321.010498046875,153.07240295410156,0.999997615814209,314.65692138671875,156.08822631835938,0.9998700618743896,277.46832275390625,190.20960998535156,0.9998879432678223,273.1484680175781,198.09828186035156,0.999999463558197,274.44122314453125,206.14761352539062,0.9999916553497314,281.76092529296875,203.32833862304688,0.9999954700469971,281.1324768066406,197.39588928222656,0.9999598264694214,276.3511657714844,192.63966369628906,0.9991233944892883,271.3045654296875,190.59205627441406,0.9825793504714966,211.0040740966797,209.6348114013672,0.9975746870040894,195.3856201171875,216.62266540527344,0.9991964101791382,264.9418029785156,197.5283203125,0.29190540313720703,262.0426025390625,195.00271606445312,0.13062044978141785,211.99658203125,217.78475952148438,0.2897699177265167,189.7736053466797,225.8612518310547,0.24682775139808655,184.01121520996094,213.89976501464844,0.9840813875198364,211.663818359375,164.37315368652344,0.9999518394470215,198.9053497314453,160.82630920410156,0.9998829364776611,202.06826782226562,163.02093505859375,0.005655169486999512,205.45654296875,159.53627014160156,0.004860043525695801,203.75633239746094,155.95457458496094,0.15901467204093933,198.06906127929688,153.9337158203125,0.9520777463912964,193.7091064453125,154.85797119140625,0.9851770997047424
14,354.2933654785156,175.22613525390625,0.9999998211860657,306.0727844238281,175.87551879882812,0.9999988079071045,301.0797424316406,182.9885711669922,0.9999939799308777,308.8721923828125,167.76658630371094,0.9999985694885254,238.5531463623047,175.90573120117188,0.9998266696929932,237.19760131835938,187.42698669433594,0.9999759793281555,272.96112060546875,171.73854064941406,0.9999970197677612,238.15499877929688,179.79296875,0.9999969005584717,204.2230682373047,177.0771942138672,0.9282536506652832,179.3760528564453,160.7652130126953,0.9726046323776245,321.6930847167969,157.56893920898438,0.9995728731155396,335.6126403808594,154.57908630371094,0.9999983906745911,335.6699523925781,147.9326171875,0.9999967217445374,342.5577392578125,148.7375946044922,0.9999977946281433,342.9279479980469,154.05621337890625,0.9999979734420776,343.12664794921875,158.919189453125,0.9999862313270569,336.6592102050781,161.72479248046875,0.9999863505363464,290.37799072265625,191.8606414794922,0.9999594688415527,279.3606262207031,198.94741821289062,0.9999986886978149,279.26934814453125,207.0145721435547,0.9999845027923584,285.6310729980469,203.56700134277344,0.9999622702598572,285.32818603515625,199.67877197265625,0.9996873736381531,283.2308654785156,195.4765625,0.9984434843063354,278.0011291503906,193.28541564941406,0.9998584985733032,230.05462646484375,206.03929138183594,0.999650776386261,214.3354034423828,213.19456481933594,0.993949294090271,271.0364990234375,194.45068359375,0.06281960010528564,229.37355041503906,210.1162109375,0.48269301652908325,230.46517944335938,213.096923828125,0.9226635694503784,232.0301971435547,217.97210693359375,0.5841308832168579,201.3699951171875,209.5906524658203,0.8141471147537231,218.31002807617188,165.13015747070312,0.38759735226631165,202.02291870117188,165.1182098388672,0.9090442657470703,199.02757263183594,163.59715270996094,0.00019747018814086914,191.52362060546875,156.7815399169922,0.0010038018226623535,198.1113739013672,158.64450073242188,0.01224607229232788,200.12506103515625,156.78860473632812,0.04257088899612427,195.2503662109375,158.81918334960938,0.02300816774368286
15,369.0525207519531,181.63186645507812,1.0,321.6630554199219,179.8002166748047,0.9999999403953552,314.9153137207031,188.213134765625,0.9999932646751404,325.52288818359375,172.75482177734375,0.9999998211860657,248.60525512695312,173.3635711669922,0.9999236464500427,251.63201904296875,183.5207977294922,0.9999935626983643,288.4306640625,171.48956298828125,0.9999998211860657,250.48326110839844,177.83541870117188,0.999999463558197,207.80015563964844,166.8317108154297,0.9983280897140503,177.38601684570312,151.3098907470703,0.9798235893249512,334.8745422363281,158.6725616455078,0.9999982118606567,347.6968688964844,153.48521423339844,0.9999986886978149,347.50592041015625,145.47999572753906,0.9999988079071045,354.5549011230469,144.85873413085938,0.9999998807907104,357.363525390625,152.13136291503906,1.0,355.3243713378906,158.92227172851562,1.0,348.6024475097656,161.61822509765625,0.9999994039535522,301.2892150878906,195.38536071777344,0.9999294281005859,287.03741455078125,201.75552368164062,0.9994006156921387,284.9657897949219,205.77528381347656,0.7508646249771118,282.6771240234375,210.1521759033203,0.009223073720932007,291.238037109375,204.17196655273438,0.08763009309768677,290.7952575683594,202.64064025878906,0.4369245767593384,284.38824462890625,199.5235137939453,0.9986883401870728,266.25555419921875,191.76275634765625,0.9968905448913574,214.84164428710938,202.346923828125,0.9997545480728149,267.925537109375,201.32447814941406,0.047872722148895264,267.9208679199219,202.6727294921875,0.9876397848129272,271.8509216308594,203.9431915283203,0.9930734634399414,273.6840515136719,210.5058135986328,0.9904680848121643,270.4363708496094,215.38751220703125,0.9947202205657959,267.3778381347656,209.19387817382812,0.0520690381526947,215.5247802734375,157.26406860351562,0.0019164085388183594,271.0318908691406,207.8408203125,0.0003891289234161377,277.94635009765625,217.2394561767578,0.0002677738666534424,347.0825500488281,146.51744079589844,4.1425228118896484e-05,343.7346496582031,143.12844848632812,0.000806272029876709,257.6843566894531,184.42237854003906,0.00016552209854125977
16,381.4503479003906,183.43397521972656,1.0,329.7735900878906,184.77316284179688,0.9999997019767761,323.9202575683594,192.83480834960938,0.9999991059303284,333.9537658691406,176.54559326171875,0.9999999403953552,261.3725280761719,173.3492889404297,0.9999432563781738,263.54290771484375,184.57684326171875,0.9999885559082031,297.13397216796875,175.2974090576172,0.9999992251396179,263.62860107421875,178.62017822265625,0.9999992847442627,223.59130859375,177.07623291015625,0.999933660030365,176.83041381835938,147.55064392089844,0.9999922513961792,335.5352478027344,161.31983947753906,0.9999999403953552,348.02606201171875,154.9407501220703,0.9999987483024597,346.58917236328125,147.4758758544922,0.9999971389770508,353.2373046875,144.88494873046875,0.9999997615814209,356.93939208984375,151.4038543701172,0.9999997615814209,356.0634460449219,158.88351440429688,0.9999997615814209,349.8591003417969,161.69854736328125,0.9999814629554749,311.73870849609375,199.02838134765625,0.9999815225601196,295.94915771484375,204.0192108154297,0.9947773218154907,276.8771057128906,212.22634887695312,0.3946160674095154,285.3750305175781,213.4647216796875,0.019036680459976196,293.8774108886719,209.94789123535156,0.002057313919067383,302.8485107421875,202.43536376953125,0.02090555429458618,294.0321350097656,201.0817108154297,0.9478075504302979,273.4114074707031,194.7254180908203,0.9999668002128601,269.9200134277344,211.30809020996094,0.999874472618103,270.3243103027344,203.34933471679688,0.016820967197418213,274.9532470703125,206.69992065429688,0.9985729455947876,277.2568664550781,210.86900329589844,0.9999940395355225,276.74212646484375,217.87289428710938,0.9999862909317017,269.27545166015625,217.85745239257812,0.9998214244842529,251.46060180664062,165.0296173095703,0.06188759207725525,231.01113891601562,161.86090087890625,0.07107502222061157,268.1412658691406,210.67877197265625,0.0008674561977386475,278.40155029296875,218.7436065673828,0.032382696866989136,394.50823974609375,194.2152557373047,9.235739707946777e-05,343.15289306640625,139.4467315673828,0.0007815361022949219,224.64283752441406,161.2454376220703,0.002886176109313965
17,395.06378173828125,186.27330017089844,1.0,336.80029296875,187.73550415039062,0.9999998807907104,334.47515869140625,195.32522583007812,0.9999999403953552,339.9544372558594,178.7628631591797,1.0,267.309814453125,173.39309692382812,0.9999997615814209,269.9495544433594,186.3304443359375,0.9999997615814209,304.6145324707031,180.79742431640625,1.0,268.6596984863281,179.40216064453125,1.0,219.82420349121094,177.35874938964844,0.9999997019767761,176.3245086669922,146.80519104003906,0.9999964237213135,338.8223876953125,162.40809631347656,0.9999999403953552,348.0477600097656,156.4598846435547,0.9999985694885254,347.2784729003906,147.7257537841797,0.9999977350234985,354.16131591796875,147.0748748779297,0.9999998807907104,356.8658447265625,154.37049865722656,0.9999997019767761,353.6432189941406,161.1913299560547,0.9999992847442627,347.98028564453125,163.76541137695312,0.9999666213989258,322.17437744140625,203.78038024902344,0.9999970197677612,309.5388488769531,209.56129455566406,0.9999983310699463,305.7317199707031,214.42625427246094,0.9997686743736267,311.646240234375,216.35757446289062,0.30246448516845703,316.24859619140625,213.7596435546875,0.46998360753059387,317.3271484375,210.4350128173828,0.07569226622581482,310.1474609375,205.22166442871094,0.9781134128570557,276.627197265625,201.48031616210938,0.9999985694885254,268.7037353515625,212.43212890625,0.9999990463256836,269.5777282714844,206.48727416992188,0.13605862855911255,275.1282043457031,209.03622436523438,0.9966288208961487,276.8826599121094,214.6102294921875,0.999998152256012,275.3730163574219,221.62132263183594,0.9999960660934448,264.2548522949219,219.48927307128906,0.9999909400939941,258.41949462890625,156.25025939941406,0.9999674558639526,240.26893615722656,151.4616241455078,0.9999383687973022,240.07382202148438,154.76133728027344,0.0011786818504333496,243.8637237548828,149.9242706298828,0.01178082823753357,241.3369140625,145.36329650878906,0.4531552493572235,235.4381561279297,143.47207641601562,0.959181547164917,231.52125549316406,147.74461364746094,0.984214723110199
18,407.1811828613281,187.2257080078125,1.0,353.7304382324219,183.72879028320312,0.9999990463256836,354.330322265625,194.11227416992188,0.9999998807907104,353.5592041015625,175.49935913085938,0.9999964237213135,286.6953125,176.1715850830078,0.9999998807907104,284.3769836425781,187.58319091796875,0.9999996423721313,321.73406982421875,182.63140869140625,1.0,286.06036376953125,181.55810546875,1.0,237.62847900390625,177.17144775390625,0.9999421834945679,176.52139282226562,148.0232696533203,0.9999883770942688,344.5982666015625,160.91220092773438,0.9999973773956299,348.6999816894531,157.1896514892578,0.999994695186615,347.9186096191406,148.82313537597656,0.9999820590019226,354.5783386230469,149.58993530273438,0.9999974966049194,355.4067077636719,155.69302368164062,0.9999932050704956,353.2658386230469,162.2019500732422,0.999974250793457,349.159423828125,162.034912109375,0.9716085195541382,349.60528564453125,200.7784423828125,0.9999301433563232,351.1597900390625,209.20358276367188,0.9979122281074524,350.8611755371094,213.58982849121094,0.6653467416763306,354.7418212890625,214.72732543945312,0.5551474094390869,357.9996643066406,212.81317138671875,0.7605787515640259,356.8489990234375,207.35604858398438,0.29790550470352173,353.4733581542969,201.80462646484375,0.013126105070114136,282.39935302734375,204.08074951171875,0.999995768070221,264.983154296875,209.4356231689453,0.9999475479125977,261.5299377441406,202.71322631835938,0.06280851364135742,276.6588134765625,210.30287170410156,0.14878839254379272,275.869384765625,214.73033142089844,0.9998946189880371,269.4488830566406,221.44070434570312,0.999541163444519,260.703125,219.7213592529297,0.9993938207626343,290.0818176269531,159.22727966308594,0.9999983906745911,277.89752197265625,149.33737182617188,0.9999867081642151,280.5704040527344,154.40895080566406,0.07329672574996948,268.7601318359375,217.33258056640625,0.08685210347175598,280.5661926269531,144.3013153076172,0.09921830892562866,272.3279113769531,142.44212341308594,0.778618335723877,269.951416015625,146.7810516357422,0.9948127269744873
19,421.9892272949219,184.8740234375,1.0,367.2587890625,180.435302734375,1.0,368.78240966796875,189.1473388671875,0.9999998807907104,362.6457824707031,172.45372009277344,0.9999995231628418,301.8302917480469,173.7095947265625,0.9999861717224121,295.8295593261719,185.54739379882812,0.9999979734420776,334.453125,183.21395874023438,0.9999998807907104,299.05029296875,179.92295837402344,0.9999994039535522,258.23553466796875,173.17674255371094,0.9995025396347046,175.88876342773438,149.04843139648438,0.9991875886917114,354.0023498535156,159.27456665039062,0.9999932050704956,348.9612731933594,156.8375244140625,0.9999741315841675,347.7021179199219,149.9462432861328,0.9999035596847534,354.2923583984375,150.127685546875,0.999645471572876,355.4580383300781,154.9333953857422,0.9793498516082764,353.8706359863281,160.141357421875,0.6128463745117188,347.2768249511719,161.9717559814453,0.8089173436164856,370.49090576171875,199.79251098632812,0.9999892711639404,381.4600524902344,206.74227905273438,0.9999921917915344,381.3485412597656,212.15513610839844,0.9996036291122437,385.4486999511719,212.85772705078125,0.999780535697937,390.5964050292969,209.59716796875,0.9999479055404663,389.04937744140625,206.24053955078125,0.9970446825027466,380.9033508300781,202.06103515625,0.9175530672073364,287.72125244140625,201.57504272460938,0.9999967813491821,268.9768981933594,206.55665588378906,0.9999696016311646,264.029052734375,199.5741424560547,0.5136752128601074,279.2100524902344,206.53656005859375,0.25577622652053833,279.173095703125,213.2843475341797,0.9996196627616882,272.6745300292969,217.69996643066406,0.9999620914459229,264.38128662109375,214.12416076660156,0.9995908737182617,312.7604675292969,162.88140869140625,0.9998759627342224,316.16241455078125,152.72439575195312,0.9918199181556702,329.9127197265625,157.5269775390625,0.16957256197929382,331.186767578125,152.997802734375,0.014754176139831543,276.8150634765625,211.3286895751953,0.001147925853729248,332.83612060546875,144.0655059814453,0.0029639601707458496,325.89068603515625,148.09820556640625,0.0386696457862854
20,436.2366943359375,179.82691955566406,1.0,383.2274475097656,175.31410217285156,0.9999998807907104,383.8680725097656,185.25733947753906,0.9999988079071045,378.5924987792969,167.31781005859375,0.9999997019767761,316.0302429199219,170.1018829345703,0.9999922513961792,311.48223876953125,182.24749755859375,0.9999958872795105,350.35784912109375,180.3091583251953,1.0,314.0166931152344,176.21080017089844,0.9999983906745911,272.6716003417969,171.4508819580078,0.9998170137405396,224.3272705078125,182.5269775390625,0.9530619382858276,364.6749267578125,158.84889221191406,0.9999890327453613,355.2921447753906,153.44911193847656,0.9610437154769897,352.7673034667969,149.87721252441406,0.04751977324485779,354.65618896484375,141.94125366210938,0.05967354774475098,355.2178955078125,144.11766052246094,0.013280868530273438,358.1380310058594,156.10476684570312,0.02805948257446289,355.2489929199219,161.51190185546875,0.2918083071708679,385.2127685546875,198.60238647460938,0.9999890923500061,400.60931396484375,206.1708984375,0.9999996423721313,399.3408508300781,213.71466064453125,0.9999979138374329,404.8232421875,214.47344970703125,0.9999994039535522,410.4493713378906,209.86795043945312,0.9999991655349731,409.1363830566406,203.30091857910156,0.9998962879180908,402.4864807128906,200.19650268554688,0.9999603033065796,298.87408447265625,194.7721710205078,0.9999867677688599,277.4218444824219,202.12619018554688,0.9996904134750366,274.1109313964844,194.7261505126953,0.1283262073993683,286.56597900390625,196.39085388183594,0.0007536709308624268,283.4503479003906,207.60357666015625,0.08935287594795227,277.5108947753906,211.0293731689453,0.44135811924934387,273.0627746582031,204.7193145751953,0.36149245500564575,330.96820068359375,158.40243530273438,0.9999276995658875,331.2036437988281,138.96612548828125,0.9999943971633911,333.0127868652344,147.15069580078125,0.9938046932220459,339.1654052734375,142.4881591796875,0.9999842643737793,338.6100769042969,134.2655792236328,0.999998152256012,332.7942810058594,130.01333618164062,0.9998990297317505,320.8235778808594,134.83425903320312,0.9999012351036072
21,448.72882080078125,173.25303649902344,1.0,399.3099060058594,171.3287353515625,0.9999986290931702,396.9828186035156,180.9886932373047,0.9999985098838806,400.8459167480469,162.0911865234375,0.9999983310699463,326.0278015136719,165.1451873779297,0.9999998807907104,322.71929931640625,177.44952392578125,0.9999998807907104,364.7277526855469,172.677978515625,0.9999998807907104,325.1476745605469,171.51036071777344,0.9999999403953552,282.92547607421875,170.21343994140625,0.9999728202819824,231.81637573242188,182.7784423828125,0.9999438524246216,386.69012451171875,153.25653076171875,0.903425395488739,368.37591552734375,169.02667236328125,0.007097005844116211,368.2914733886719,171.05531311035156,0.0018813908100128174,391.0626525878906,210.34463500976562,0.0009526908397674561,438.0344543457031,155.62539672851562,0.007540106773376465,437.7887268066406,157.93017578125,0.0017594993114471436,369.2738037109375,169.6787109375,0.011104434728622437,388.6753845214844,190.11000061035156,0.9999902248382568,391.4679260253906,200.90628051757812,0.9999986886978149,390.2900085449219,208.71475219726562,0.9999979734420776,396.824462890625,207.0095672607422,0.9999979734420776,400.11395263671875,203.66000366210938,0.9999877214431763,399.0969543457031,198.6516571044922,0.9999083876609802,392.919921875,194.662109375,0.8192431330680847,313.2662658691406,192.30784606933594,0.9999916553497314,290.1051025390625,197.83567810058594,0.9996892809867859,283.8463439941406,194.0716094970703,0.040813148021698,293.7847900390625,196.52622985839844,0.0011330246925354004,304.5516357421875,202.468017578125,0.07065397500991821,290.03094482421875,209.6953582763672,0.2975456118583679,285.55841064453125,202.15841674804688,0.4260450601577759,332.1661071777344,146.942626953125,0.9999734163284302,318.7294006347656,135.8631134033203,0.9750099182128906,321.0710144042969,140.6290740966797,0.010925650596618652,392.5243225097656,210.9896240234375,0.003900855779647827,398.3125915527344,204.5166778564453,0.002793222665786743,305.7294616699219,126.21029663085938,0.06487858295440674,305.0030212402344,131.87783813476562,0.4311525225639343
22,458.0948181152344,173.66763305664062,0.9999998807907104,402.6898498535156,170.55935668945312,0.9999998807907104,400.61419677734375,180.02239990234375,0.9999998807907104,402.38909912109375,160.77090454101562,1.0,326.5315856933594,158.12649536132812,0.999946117401123,331.4466552734375,170.06716918945312,0.9999999403953552,365.8494873046875,167.60580444335938,0.9999998807907104,329.3760070800781,164.88906860351562,1.0,281.5831604003906,174.46153259277344,0.9999996423721313,233.55462646484375,177.9967498779297,0.999998927116394,391.53424072265625,147.98983764648438,0.9999982118606567,384.77734375,142.93357849121094,0.9998968243598938,378.9629211425781,139.67771911621094,0.9982278347015381,385.84124755859375,137.5629425048828,0.9950010776519775,388.38385009765625,140.69833374023438,0.9440099000930786,390.3505554199219,143.29449462890625,0.38419800996780396,379.9632263183594,149.72052001953125,0.7200738787651062,396.178955078125,186.0613250732422,0.9998985528945923,391.63433837890625,199.05352783203125,0.999993622303009,389.30084228515625,205.98599243164062,0.9999725818634033,396.0341491699219,207.0791778564453,0.9999971389770508,399.87347412109375,203.9948272705078,0.9999895095825195,400.1683044433594,199.58041381835938,0.9995028376579285,393.53021240234375,194.32284545898438,0.8741633296012878,337.4403991699219,183.11769104003906,0.9999998807907104,330.7738037109375,194.79676818847656,0.9999905228614807,327.6369323730469,192.53945922851562,0.0008547306060791016,337.3244323730469,188.80352783203125,0.3801923990249634,337.90570068359375,195.3343048095703,0.9922024011611938,336.944091796875,200.2084503173828,0.992756724357605,331.74810791015625,199.06202697753906,0.9479351043701172,310.6643371582031,148.13185119628906,0.9903937578201294,293.43963623046875,145.39700317382812,0.999858021736145,366.56591796875,146.6690216064453,0.13004788756370544,370.08746337890625,146.1136016845703,0.16585975885391235,372.6146545410156,137.45462036132812,0.04156702756881714,288.7562255859375,139.17520141601562,0.41359424591064453,284.8681335449219,143.71981811523438,0.9731564521789551
23,463.9068908691406,171.847900390625,1.0,407.9111022949219,167.4287872314453,0.9999998807907104,405.03814697265625,177.36390686035156,0.9999998807907104,410.593994140625,158.40870666503906,0.9999998807907104,334.4148864746094,157.28501892089844,0.9999583959579468,341.7508850097656,169.73211669921875,0.9999991655349731,375.3139953613281,158.82208251953125,0.9999998211860657,336.9286804199219,164.2176055908203,1.0,293.4376220703125,176.72247314453125,1.0,242.5709228515625,175.93507385253906,1.0,409.29742431640625,145.7112274169922,0.9999988079071045,417.7550048828125,136.63461303710938,0.9999070167541504,412.55023193359375,130.9668426513672,0.9906891584396362,417.0518493652344,126.96581268310547,0.9848800897598267,423.1607971191406,129.51727294921875,0.9956005811691284,426.4563293457031,134.6569366455078,0.9892743229866028,420.22955322265625,140.65847778320312,0.9766807556152344,396.8433532714844,184.90797424316406,0.9999203085899353,389.655517578125,195.7168426513672,0.9999996423721313,389.3731994628906,200.8518829345703,0.9999091029167175,397.3624572753906,201.58621215820312,0.9998035430908203,399.6245422363281,198.02383422851562,0.9998073577880859,398.1443786621094,193.68695068359375,0.997442364692688,392.8915710449219,188.82516479492188,0.9893356561660767,356.20623779296875,175.37937927246094,0.9998156428337097,359.5161437988281,184.51953125,0.9994968175888062,360.92437744140625,181.12294006347656,0.9248554706573486,363.7242431640625,181.75604248046875,0.9982147216796875,366.20855712890625,185.5623779296875,0.9946328401565552,366.5114440917969,191.48800659179688,0.9364192485809326,361.88299560546875,194.5015869140625,0.9062240123748779,366.00775146484375,195.51792907714844,0.4625628590583801,304.1602783203125,152.6607666015625,0.07119208574295044,375.56927490234375,193.8611297607422,0.0013301372528076172,391.0440979003906,206.6983642578125,0.00032383203506469727,470.0828857421875,174.7666015625,0.0004363059997558594,400.2958984375,201.31463623046875,0.0008141994476318359,301.4283752441406,157.00816345214844,0.02016890048980713
24,466.9257507324219,167.98532104492188,1.0,414.0716247558594,165.5274200439453,0.9999997615814209,410.7574462890625,175.23150634765625,0.9999946355819702,415.3135681152344,156.4234161376953,0.9999998807907104,339.9258117675781,159.12167358398438,0.9999068975448608,347.5191955566406,169.20626831054688,0.9999910593032837,380.3323669433594,156.77601623535156,0.9999998211860657,342.29400634765625,164.43211364746094,0.9999980330467224,297.18414306640625,181.37274169921875,0.9999999403953552,251.59378051757812,187.8419952392578,0.9999999403953552,412.32147216796875,142.64749145507812,0.9999946355819702,422.6574401855469,127.04717254638672,0.9999803304672241,417.7189025878906,119.36760711669922,0.9994583129882812,421.5887145996094,115.47618103027344,0.9998174905776978,427.81396484375,119.70783996582031,0.999636709690094,430.09820556640625,126.46669006347656,0.9987958073616028,428.5186767578125,132.96408081054688,0.9813028573989868,400.5583190917969,182.1761932373047,0.9999940395355225,390.42376708984375,194.10400390625,0.9999995231628418,390.7117919921875,199.22193908691406,0.9997398257255554,398.3715515136719,200.22518920898438,0.9989804029464722,399.11199951171875,195.87205505371094,0.9988367557525635,397.2177734375,191.72650146484375,0.99765944480896,391.46875,187.54714965820312,0.9990006685256958,363.5907287597656,175.02407836914062,0.9771236181259155,368.6155700683594,188.9157257080078,0.999082088470459,370.9172668457031,184.65695190429688,0.9418593645095825,373.38916015625,187.88845825195312,0.9789080619812012,375.7851257324219,191.8791046142578,0.915656566619873,374.50836181640625,196.71009826660156,0.9376185536384583,368.47686767578125,198.54669189453125,0.9821048974990845,367.31976318359375,192.2704315185547,0.26129788160324097,307.6732482910156,157.65150451660156,0.866425633430481,376.7256164550781,192.64752197265625,0.0034543275833129883,387.5447082519531,206.20956420898438,0.0008772611618041992,305.06134033203125,153.113037109375,0.0004813969135284424,305.8424072265625,153.0306854248047,0.10310956835746765,302.8605651855469,155.03611755371094,0.7389334440231323
25,472.30413818359375,164.9207763671875,1.0,417.57867431640625,166.334716796875,0.9999999403953552,413.9720458984375,176.1815948486328,0.9999974966049194,417.7986755371094,158.0005340576172,0.9999998807907104,344.552734375,158.24224853515625,0.9999254941940308,350.85601806640625,169.1584014892578,0.9999988675117493,383.93548583984375,160.51812744140625,0.9999997019767761,346.4215393066406,163.082275390625,0.9999998807907104,317.12799072265625,175.36029052734375,0.9948640465736389,269.6839904785156,195.42825317382812,0.809395432472229,412.9767150878906,143.2050323486328,0.9999843835830688,417.7007141113281,127.69085693359375,0.999962329864502,411.7147521972656,120.20436096191406,0.9999421834945679,417.555419921875,116.34761810302734,0.999987006187439,422.3735656738281,120.56312561035156,0.9999475479125977,424.9676818847656,127.4648208618164,0.9997038841247559,421.9101867675781,131.49794006347656,0.9997869729995728,403.7023010253906,183.97262573242188,0.9999917149543762,391.231689453125,194.7602081298828,0.999997615814209,389.88592529296875,198.26382446289062,0.9990934133529663,397.7355651855469,201.39625549316406,0.9976147413253784,399.42791748046875,198.08834838867188,0.9971440434455872,399.3417663574219,195.38278198242188,0.9914340972900391,392.5346984863281,189.92147827148438,0.9980732202529907,363.7127685546875,177.73045349121094,0.999962568283081,363.03131103515625,190.9763641357422,0.9999463558197021,364.36993408203125,186.45721435546875,0.3717662990093231,367.48828125,186.8094482421875,0.9977024793624878,372.735595703125,191.7774658203125,0.9998328685760498,370.12884521484375,198.32748413085938,0.9996960759162903,365.02880859375,199.6251983642578,0.9995904564857483,361.81719970703125,196.7657012939453,0.09684890508651733,325.556396484375,152.0913848876953,0.5405811667442322,374.1507263183594,192.2690887451172,0.0013565123081207275,379.3558044433594,203.47003173828125,0.00012245774269104004,474.7286682128906,160.10345458984375,0.00017595291137695312,328.4305725097656,149.3089141845703,0.0010756254196166992,317.22796630859375,152.94871520996094,0.11626899242401123
26,476.1371765136719,163.13697814941406,1.0,419.530517578125,166.29971313476562,1.0,417.720947265625,175.3035888671875,0.999999463558197,419.9996337890625,157.9713134765625,0.9999998807907104,346.35870361328125,159.36402893066406,0.9999960660934448,351.65203857421875,172.73475646972656,0.9999998807907104,385.8559875488281,160.86672973632812,1.0,348.72174072265625,164.866455078125,1.0,303.330810546875,183.46551513671875,0.9974004030227661,253.7915802001953,190.29998779296875,0.8236340284347534,413.7877502441406,142.09066772460938,0.9999925494194031,417.2608947753906,128.3304901123047,0.9999781847000122,412.2583923339844,120.31863403320312,0.9999812245368958,418.1374816894531,117.46246337890625,0.9999973773956299,422.0055847167969,122.38414764404297,0.9999657869338989,424.2962341308594,128.18124389648438,0.9997930526733398,421.0048522949219,131.40036010742188,0.9998829364776611,406.8428649902344,184.11647033691406,0.9999969005584717,394.315185546875,194.6109619140625,0.9999961853027344,391.5904846191406,198.62452697753906,0.9991103410720825,398.0357971191406,202.8900604248047,0.9811619520187378,402.0964660644531,198.8987579345703,0.9840039610862732,402.2984619140625,196.83929443359375,0.8861325979232788,395.723876953125,189.70590209960938,0.9951633214950562,366.1407165527344,178.8048095703125,0.9999985694885254,365.04766845703125,192.54946899414062,0.9999933242797852,366.3521728515625,187.17837524414062,0.4374266266822815,369.80169677734375,189.7981414794922,0.9993478059768677,374.78472900390625,193.57057189941406,0.9999818801879883,371.9698181152344,200.09756469726562,0.9999681711196899,364.1994934082031,200.00733947753906,0.9997745752334595,344.6601867675781,145.16122436523438,0.9993356466293335,332.50726318359375,142.50648498535156,0.9967966079711914,332.30364990234375,149.5670166015625,0.004861503839492798,341.9966735839844,140.99539184570312,0.007548004388809204,341.0892639160156,137.16665649414062,0.08068308234214783,336.63079833984375,136.0316162109375,0.02130112051963806,321.5322265625,135.84808349609375,0.12431228160858154
27,478.54681396484375,161.6431121826172,1.0,420.7636413574219,164.12319946289062,1.0,420.6751708984375,173.5264129638672,0.9999998807907104,421.0373840332031,156.12545776367188,1.0,349.6283264160156,160.31434631347656,0.9999985694885254,354.8800354003906,173.24984741210938,1.0,389.092041015625,161.7755889892578,1.0,352.3010559082031,165.67919921875,1.0,311.8905029296875,183.1791229248047,0.9998642206192017,272.16827392578125,197.5655059814453,0.9808290600776672,414.6158752441406,141.54736328125,0.9999973773956299,416.5722961425781,128.8587646484375,0.9999924302101135,413.17584228515625,120.17859649658203,0.9999944567680359,419.0822448730469,118.03190612792969,0.9999991655349731,422.5157775878906,123.66580963134766,0.9999905824661255,423.80084228515625,128.8686065673828,0.9998927712440491,420.49658203125,131.7180938720703,0.99991774559021,410.34906005859375,183.51437377929688,0.9999966621398926,398.21575927734375,193.5757293701172,0.9998424053192139,394.2259826660156,198.70993041992188,0.9916480779647827,400.2809143066406,201.91383361816406,0.59461909532547,403.0073547363281,199.41482543945312,0.6326732635498047,402.2334899902344,196.94570922851562,0.018292337656021118,399.17626953125,188.83473205566406,0.5557100772857666,368.1950988769531,180.101318359375,0.9999990463256836,364.4068298339844,193.20433044433594,0.9999948740005493,366.3509521484375,188.99234008789062,0.06400135159492493,369.8107604980469,190.05722045898438,0.9974720478057861,374.16650390625,192.22027587890625,0.9999902248382568,372.9265441894531,199.37303161621094,0.9999911785125732,365.7907409667969,200.6699676513672,0.9999397993087769,343.8324890136719,143.8358154296875,0.999518632888794,329.99365234375,139.0386199951172,0.9999914169311523,329.6195068359375,144.13536071777344,0.05080288648605347,337.93682861328125,138.22296142578125,0.34643298387527466,336.402099609375,132.31179809570312,0.9739619493484497,329.59466552734375,129.01828002929688,0.966071605682373,320.8935546875,133.52964782714844,0.9992940425872803
28,480.7028503417969,159.1563262939453,1.0,424.2704162597656,163.24404907226562,0.9999997615814209,425.23321533203125,172.92288208007812,0.9999989867210388,423.47021484375,154.35919189453125,0.9999996423721313,355.05474853515625,163.26852416992188,0.9999997019767761,359.0776062011719,175.57608032226562,0.9999997615814209,392.0251770019531,162.9178009033203,1.0,356.7709655761719,168.25994873046875,1.0,312.59478759765625,182.39486694335938,0.9999901056289673,267.8240661621094,195.3487091064453,0.9997421503067017,414.1795654296875,139.436767578125,0.9999969601631165,417.08160400390625,128.80340576171875,0.9999915957450867,413.2874755859375,120.89167022705078,0.9999890327453613,419.17718505859375,118.64178466796875,0.9999983310699463,422.8740539550781,123.70223236083984,0.9999893307685852,423.6073913574219,128.81118774414062,0.9998962879180908,421.10577392578125,131.49656677246094,0.999629020690918,415.3647766113281,183.78375244140625,0.9999734163284302,402.7275085449219,195.151123046875,0.9998441934585571,399.60272216796875,200.23358154296875,0.9749143719673157,404.531494140625,203.01815795898438,0.6507372856140137,407.8912353515625,200.31704711914062,0.6922411918640137,408.144287109375,197.25942993164062,0.004445463418960571,402.85260009765625,191.74607849121094,0.10765695571899414,370.52435302734375,182.32801818847656,0.9999988079071045,364.3489074707031,194.57054138183594,0.99998939037323,367.5885314941406,190.6508331298828,0.008288323879241943,372.2792663574219,190.59811401367188,0.9885201454162598,374.8215637207031,193.8073272705078,0.9999620914459229,373.2419128417969,200.5532989501953,0.9999822378158569,366.7584228515625,201.65760803222656,0.999787449836731,354.8499450683594,145.3175811767578,0.999988317489624,340.3851318359375,140.4912109375,0.9999974966049194,342.37127685546875,146.3485565185547,0.06934133172035217,350.0388488769531,140.71913146972656,0.8018001317977905,351.2650146484375,132.80874633789062,0.9997730255126953,342.3721618652344,128.8877410888672,0.9998782873153687,331.39044189453125,134.43394470214844,0.9999491572380066
29,483.00726318359375,156.43203735351562,1.0,428.86688232421875,161.1763458251953,0.9999997615814209,429.8901672363281,170.8290557861328,0.9999976754188538,425.7755126953125,151.93463134765625,0.9999994039535522,359.8398132324219,164.68246459960938,0.9999986886978149,362.2327880859375,175.2611083984375,0.9999996423721313,395.9205017089844,164.12322998046875,1.0,360.2235412597656,168.68988037109375,0.9999998807907104,315.2798156738281,181.06838989257812,0.9999974966049194,266.06634521484375,193.89549255371094,0.9993616938591003,414.8691711425781,137.50567626953125,0.9999985694885254,416.86737060546875,128.492919921875,0.9999891519546509,413.0169372558594,120.72257995605469,0.9999926686286926,419.0086975097656,119.01568603515625,0.9999988079071045,422.3578796386719,123.5667953491211,0.9999915361404419,422.8218078613281,128.0654754638672,0.9999180436134338,420.44427490234375,130.7248992919922,0.9990545511245728,426.2581787109375,179.6353759765625,0.9999362230300903,417.0235290527344,193.62940979003906,0.9999972581863403,415.71923828125,201.50982666015625,0.9999508857727051,422.01263427734375,201.08456420898438,0.9999198913574219,425.19189453125,197.92861938476562,0.9995437860488892,424.5591735839844,193.25123596191406,0.9169865250587463,418.1261291503906,187.69180297851562,0.3769010603427887,371.4027099609375,184.16444396972656,0.9999935030937195,363.1809387207031,194.77696228027344,0.9999790787696838,366.46368408203125,191.35501098632812,0.01870828866958618,372.5621337890625,192.06863403320312,0.9618443846702576,374.1258239746094,195.75848388671875,0.9997116923332214,371.2974548339844,201.29547119140625,0.9998762607574463,364.3267822265625,200.66278076171875,0.9984123110771179,361.0960388183594,146.9251251220703,0.9999812841415405,348.7248229980469,140.80322265625,0.9997020959854126,352.5613098144531,146.7268524169922,0.0040881335735321045,356.4289855957031,142.36752319335938,0.0367257297039032,356.2275695800781,136.33021545410156,0.9640556573867798,350.0887145996094,132.53358459472656,0.9974285364151001,341.1737976074219,137.26145935058594,0.9988492131233215
30,485.22674560546875,155.50860595703125,0.9999999403953552,430.0574951171875,158.66526794433594,0.9999997615814209,432.8330993652344,167.76437377929688,1.0,425.34967041015625,149.23281860351562,0.9999999403953552,361.3833312988281,161.8404998779297,0.9999967813491821,362.8853759765625,174.22569274902344,0.9999998211860657,398.07745361328125,163.4339141845703,1.0,361.2212219238281,167.27500915527344,1.0,316.9806823730469,179.88494873046875,0.9999961853027344,268.43798828125,192.51795959472656,0.9998177289962769,415.86773681640625,136.8715057373047,0.9999995231628418,416.2982177734375,129.5357666015625,0.9999905824661255,412.6072082519531,121.51136779785156,0.9999884366989136,418.7551574707031,119.90109252929688,0.9999967813491821,422.581298828125,124.00524139404297,0.999984085559845,422.8226318359375,130.27520751953125,0.9995907545089722,420.59698486328125,131.94186401367188,0.9922246336936951,437.43927001953125,177.67413330078125,0.999999463558197,445.0211181640625,184.13400268554688,0.9999951124191284,445.2165222167969,189.41119384765625,0.9998900890350342,451.5302429199219,189.05206298828125,0.9999511241912842,454.1291809082031,184.51560974121094,0.9999359250068665,451.579833984375,180.79908752441406,0.9989943504333496,446.2940368652344,179.78363037109375,0.993232250213623,373.59014892578125,184.45948791503906,0.999993622303009,364.8560791015625,194.4608154296875,0.9999717473983765,367.105224609375,190.3999481201172,0.03903794288635254,373.2236633300781,192.28741455078125,0.8896291255950928,374.0679931640625,196.89451599121094,0.9997255802154541,370.4972839355469,202.1064910888672,0.9998412728309631,362.3897705078125,200.2761993408203,0.9989900588989258,368.0051574707031,146.76583862304688,0.9999797344207764,360.92779541015625,134.97647094726562,0.9999723434448242,363.0656433105469,143.49404907226562,0.0182589590549469,367.6112060546875,138.4005126953125,0.7386162281036377,367.4170227050781,130.87640380859375,0.9987542629241943,360.39593505859375,128.4756317138672,0.9997705221176147,352.52679443359375,132.30621337890625,0.9998692870140076
31,489.0249938964844,154.48558044433594,0.9999995231628418,432.86492919921875,157.18699645996094,0.9999998807907104,438.23883056640625,166.53759765625,0.9999998211860657,428.2637939453125,148.33006286621094,0.9999998807907104,366.58587646484375,159.8198699951172,0.9999967813491821,367.10791015625,172.87010192871094,0.9999998807907104,402.708984375,163.72512817382812,1.0,365.91436767578125,166.07565307617188,1.0,320.2573547363281,174.8208465576172,0.9999725818634033,273.78546142578125,192.2719268798828,0.9996174573898315,418.68402099609375,137.25601196289062,0.9999976754188538,417.29559326171875,128.69232177734375,0.9999897480010986,413.0333557128906,120.64674377441406,0.9999922513961792,419.1440124511719,119.53472137451172,0.9999979734420776,423.2488098144531,123.78486633300781,0.9999680519104004,423.0482482910156,129.92648315429688,0.9992390275001526,420.39007568359375,131.58151245117188,0.9946497678756714,447.095947265625,178.12164306640625,0.9999938011169434,462.3579406738281,184.75787353515625,0.9999991655349731,463.36749267578125,191.4197540283203,0.9999973773956299,469.8935241699219,189.33328247070312,0.9999998211860657,471.80218505859375,184.49069213867188,0.9999992847442627,469.9242248535156,179.99896240234375,0.9999988079071045,462.72802734375,176.93609619140625,0.9999675154685974,374.029296875,185.3486328125,0.999993085861206,364.99468994140625,194.13565063476562,0.9999872446060181,366.0506896972656,189.9102783203125,0.005436986684799194,375.47369384765625,192.60647583007812,0.2750645875930786,374.06292724609375,198.65267944335938,0.999301552772522,368.4385070800781,202.70736694335938,0.9999215602874756,360.66046142578125,199.8181915283203,0.9997674226760864,375.6007080078125,147.42068481445312,0.9999793171882629,373.6221008300781,133.08761596679688,0.9999995231628418,377.46484375,142.13368225097656,0.1506926417350769,381.8436584472656,136.68653869628906,0.9711467027664185,381.5401916503906,129.7811279296875,0.9996185302734375,374.71075439453125,125.9648666381836,0.9998646974563599,365.5849609375,128.7716064453125,0.9998475909233093
32,491.90478515625,153.80526733398438,0.9999978542327881,438.196533203125,156.49560546875,0.9999998807907104,442.7335510253906,166.03347778320312,0.9999988079071045,432.8002624511719,148.43124389648438,0.9999998807907104,373.268798828125,157.89381408691406,0.999998927116394,372.80718994140625,172.14373779296875,0.9999998807907104,406.3790283203125,164.0453338623047,0.9999999403953552,372.27923583984375,165.01153564453125,1.0,330.3372497558594,168.13046264648438,0.9999973773956299,289.5747985839844,186.7506561279297,0.998265266418457,421.9549255371094,137.75018310546875,0.9999916553497314,417.051025390625,129.7892608642578,0.9999876618385315,412.8300476074219,121.08009338378906,0.9999897480010986,419.2969665527344,119.97371673583984,0.9999956488609314,423.5145568847656,124.15616607666016,0.9999650716781616,424.0858459472656,129.409912109375,0.9989899396896362,421.2021484375,132.9362335205078,0.9788949489593506,449.52044677734375,178.59730529785156,0.9999932050704956,466.1651611328125,185.288330078125,0.9999995827674866,466.4783630371094,192.47479248046875,0.9999997615814209,472.53778076171875,191.24209594726562,0.9999982118606567,475.81304931640625,185.61314392089844,0.9999811053276062,473.36749267578125,181.6291961669922,0.9999223947525024,467.2777099609375,177.8423309326172,0.9999692440032959,377.69659423828125,187.89466857910156,0.9999822378158569,364.3575134277344,192.9385223388672,0.9999759197235107,364.7864074707031,189.72052001953125,0.0028868913650512695,373.5690612792969,192.85633850097656,0.1219942569732666,373.4682312011719,199.49996948242188,0.9996710419654846,366.8212890625,203.38169860839844,0.9998865723609924,358.9201354980469,197.8769989013672,0.999931275844574,384.0874328613281,149.215087890625,0.9999947547912598,386.06207275390625,131.42031860351562,0.9999969005584717,389.49468994140625,139.58848571777344,0.9906034469604492,394.890625,135.170654296875,0.9996583461761475,391.82757568359375,125.18753814697266,0.9996349811553955,385.0789794921875,122.02349853515625,0.999864935874939,376.41058349609375,127.09933471679688,0.9999680519104004
33,493.34246826171875,154.17860412597656,0.9999932050704956,439.7055969238281,156.0308074951172,0.9999997615814209,444.5550231933594,165.8585662841797,0.9999991655349731,434.9125061035156,147.83111572265625,1.0,377.2397155761719,156.7373809814453,0.9999918937683105,374.90765380859375,170.6073455810547,0.9999991655349731,407.0953369140625,164.23890686035156,1.0,374.6349792480469,163.5440216064453,0.9999998807907104,333.06768798828125,165.72268676757812,0.9999974966049194,289.6723937988281,186.52880859375,0.9977750778198242,423.7729797363281,138.59341430664062,0.9999909996986389,418.0374450683594,130.65496826171875,0.9999691247940063,413.1407165527344,122.22594451904297,0.9999344944953918,420.52032470703125,121.40465545654297,0.9999812245368958,424.12103271484375,126.10924530029297,0.9998210072517395,423.3979187011719,131.4055938720703,0.9974185228347778,420.8532409667969,133.14341735839844,0.9430166482925415,449.25311279296875,178.45693969726562,0.9999886751174927,465.6733093261719,185.09214782714844,0.9999995231628418,466.0741882324219,192.19602966308594,0.9999995231628418,471.949462890625,191.03463745117188,0.9999979734420776,475.2088623046875,185.5206756591797,0.999975323677063,472.79150390625,181.40432739257812,0.9999620318412781,466.7801818847656,177.65866088867188,0.9999637603759766,378.14447021484375,188.2268524169922,0.9999794960021973,364.26495361328125,191.6820526123047,0.9999380707740784,363.6728210449219,186.56668090820312,0.006767541170120239,372.77777099609375,192.69573974609375,0.3215361535549164,373.50897216796875,197.98338317871094,0.9999017715454102,366.5476989746094,203.28407287597656,0.9998497366905212,357.99310302734375,198.0664520263672,0.999956488609314,388.5945129394531,148.63397216796875,0.9999991655349731,394.0678405761719,129.95010375976562,0.9999520182609558,398.23687744140625,136.3212127685547,0.9996843338012695,402.0984802246094,132.2758026123047,0.9997221231460571,402.03326416015625,123.15111541748047,0.978996217250824,401.0128479003906,120.69890594482422,0.9857275485992432,389.9129638671875,122.94884490966797,0.9995635747909546
34,493.1347351074219,153.38677978515625,0.9999980330467224,440.3219909667969,156.0009307861328,0.9999997615814209,445.0378112792969,165.6142120361328,0.9999992251396179,436.0849609375,147.8311309814453,1.0,376.8387145996094,155.63858032226562,0.9999808073043823,374.732666015625,169.72616577148438,0.9999992847442627,406.75994873046875,163.6250457763672,1.0,374.17803955078125,162.66053771972656,0.9999998807907104,332.2582092285156,166.3890380859375,0.9999979734420776,289.4228210449219,187.70001220703125,0.9996157884597778,424.2016296386719,138.82176208496094,0.9999803304672241,418.8658447265625,130.65245056152344,0.9999752044677734,414.1448059082031,122.0427017211914,0.9998395442962646,421.8053894042969,121.26838684082031,0.9999486804008484,425.2707214355469,125.2014389038086,0.999631404876709,424.103759765625,131.82211303710938,0.9973088502883911,421.3478088378906,132.90521240234375,0.9295298457145691,449.14727783203125,178.7628173828125,0.9999872446060181,465.5374755859375,184.93849182128906,0.9999995827674866,465.94927978515625,192.1807861328125,0.9999997019767761,471.8304748535156,190.87062072753906,0.9999986886978149,474.8238220214844,185.27333068847656,0.9999834895133972,472.7032470703125,181.0703582763672,0.9999762773513794,466.3257141113281,177.55633544921875,0.9999665021896362,378.1800842285156,188.23158264160156,0.9999828338623047,364.7860107421875,191.82958984375,0.9999721646308899,362.67425537109375,185.3837890625,0.011415183544158936,372.83477783203125,192.2925567626953,0.33547329902648926,373.9533386230469,198.2089080810547,0.9999427795410156,367.0045471191406,203.39700317382812,0.9999079704284668,357.8664245605469,198.16448974609375,0.9999653100967407,388.6842956542969,147.57302856445312,0.999998927116394,398.6631164550781,128.18565368652344,0.9994319081306458,400.4297790527344,135.04905700683594,0.9999275207519531,405.0076904296875,132.10440063476562,0.9998915791511536,405.1485290527344,123.22793579101562,0.9801822900772095,402.9407653808594,118.47108459472656,0.9376676082611084,393.6370544433594,121.99018096923828,0.9975721836090088
35,493.9934997558594,154.0921630859375,0.9999969005584717,440.5867004394531,156.51087951660156,0.9999997615814209,445.4820556640625,166.20440673828125,0.9999992847442627,436.9456481933594,148.4016876220703,1.0,377.83746337890625,156.279052734375,0.9999899864196777,375.5875244140625,169.91213989257812,0.9999982118606567,407.3829650878906,164.31045532226562,1.0,375.2001953125,162.91273498535156,0.9999998807907104,333.4434509277344,166.92868041992188,0.9999982118606567,289.34771728515625,187.50015258789062,0.9999063014984131,424.3204345703125,138.11196899414062,0.9999832510948181,419.5317077636719,131.0517120361328,0.9999644756317139,414.9714050292969,123.0108642578125,0.9997435808181763,422.2315368652344,122.3907470703125,0.9998165369033813,425.66851806640625,125.9791488647461,0.9996609091758728,424.3282775878906,132.16624450683594,0.9966171979904175,422.3520812988281,133.49903869628906,0.8526961803436279,448.6983642578125,179.5653076171875,0.9999847412109375,464.520751953125,185.19277954101562,0.9999995231628418,464.91888427734375,192.06741333007812,0.9999995827674866,470.7292785644531,190.9035186767578,0.9999994039535522,473.3025207519531,186.17611694335938,0.9999949932098389,471.6538391113281,181.0977020263672,0.9999875426292419,465.1454772949219,177.76675415039062,0.99996018409729,378.1517028808594,188.80419921875,0.9999884963035583,364.42755126953125,192.21815490722656,0.9999760985374451,362.48077392578125,186.2078399658203,0.02757483720779419,372.9324951171875,192.7130889892578,0.5397922992706299,373.89178466796875,198.46343994140625,0.9999725222587585,366.7217712402344,203.64137268066406,0.9999220371246338,357.6523132324219,198.8461456298828,0.9999727010726929,390.2696228027344,148.41783142089844,0.9999982118606567,398.31439208984375,130.33404541015625,0.999666690826416,401.9976806640625,136.52200317382812,0.9999436736106873,406.08319091796875,133.72450256347656,0.999859094619751,407.5694274902344,125.69194793701172,0.987456202507019,405.7575378417969,120.8409194946289,0.9629546999931335,395.7001647949219,122.67699432373047,0.9992693066596985
36,495.497314453125,154.75807189941406,0.9999991655349731,441.69708251953125,156.66796875,0.9999998211860657,445.82757568359375,166.23873901367188,0.9999994039535522,438.13897705078125,148.49978637695312,1.0,379.3707275390625,156.75201416015625,0.9999955892562866,376.5199279785156,170.4384307861328,0.9999962449073792,408.7485046386719,165.11024475097656,1.0,376.802001953125,163.45968627929688,0.9999996423721313,334.2857360839844,166.90870666503906,0.9999988079071045,289.9798278808594,187.37815856933594,0.9999921321868896,425.7131042480469,138.8740692138672,0.9999783039093018,420.01141357421875,131.3066864013672,0.9999632835388184,415.9701843261719,122.63470458984375,0.9996821880340576,422.38385009765625,121.8822250366211,0.9997846484184265,425.8866882324219,125.34485626220703,0.9998494982719421,424.4349365234375,132.0313262939453,0.9990197420120239,422.993408203125,133.4163818359375,0.9721925258636475,448.6986999511719,179.51309204101562,0.999987006187439,464.05841064453125,185.27816772460938,0.9999994039535522,464.53460693359375,192.012451171875,0.9999995827674866,470.24530029296875,190.7347412109375,0.9999994039535522,472.5907287597656,186.29461669921875,0.9999960064888,470.6447448730469,181.10569763183594,0.9999946355819702,464.6957702636719,178.12950134277344,0.9999686479568481,378.1031188964844,189.156005859375,0.9999879002571106,364.4672546386719,192.5647430419922,0.999978244304657,362.6076354980469,186.5245361328125,0.05262121558189392,373.1437683105469,193.828125,0.6309432983398438,374.40972900390625,198.8336181640625,0.9999697208404541,366.4871826171875,204.00819396972656,0.9998911023139954,357.7469177246094,199.1092071533203,0.9999668598175049,392.1331481933594,149.09609985351562,0.9999728202819824,400.2774658203125,129.94577026367188,0.9983260035514832,405.2755126953125,136.59408569335938,0.9997413158416748,408.0228576660156,132.45628356933594,0.9974673986434937,409.946533203125,125.36446380615234,0.9316738843917847,408.11993408203125,119.4074478149414,0.8114484548568726,399.7651672363281,121.6031265258789,0.9985344409942627
37,497.4555969238281,155.53311157226562,0.9999997615814209,443.0514221191406,157.34982299804688,0.9999997615814209,447.14581298828125,166.49546813964844,0.9999991655349731,439.4060363769531,148.77459716796875,1.0,380.1957702636719,156.81309509277344,0.9999922513961792,377.4080505371094,170.64312744140625,0.9999943971633911,410.5144958496094,165.72540283203125,1.0,378.0270080566406,163.49949645996094,0.9999996423721313,335.1344909667969,167.17457580566406,0.9999990463256836,291.7631530761719,186.82252502441406,0.9999974370002747,427.1143493652344,139.3591766357422,0.9999918937683105,420.2447814941406,131.50125122070312,0.9999715685844421,416.5561828613281,122.4555435180664,0.9997572898864746,422.8475036621094,121.57501220703125,0.9997560977935791,426.4095764160156,125.14720916748047,0.9998421669006348,424.56060791015625,132.2279815673828,0.9988842606544495,422.7731628417969,133.90185546875,0.983747661113739,449.69476318359375,179.2642364501953,0.9999902248382568,463.8560791015625,185.50234985351562,0.9999995231628418,464.4156494140625,192.34939575195312,0.9999996423721313,470.0480651855469,190.8856658935547,0.9999995231628418,472.4527282714844,186.4302978515625,0.9999957084655762,470.33575439453125,181.53968811035156,0.9999915361404419,464.46453857421875,178.6282501220703,0.9999518394470215,377.9498596191406,188.9843292236328,0.9999933838844299,364.7367248535156,192.56451416015625,0.9999812841415405,364.0956115722656,187.57020568847656,0.08684632182121277,373.3714904785156,193.86233520507812,0.6760495901107788,374.87078857421875,198.68759155273438,0.9999696612358093,366.518310546875,204.16839599609375,0.999891459941864,358.0513610839844,199.01998901367188,0.9999680519104004,394.30596923828125,149.59170532226562,0.999941349029541,400.76177978515625,129.92823791503906,0.9989086985588074,405.8255615234375,136.8189697265625,0.9997978210449219,408.5718078613281,132.47425842285156,0.9982559680938721,412.5160217285156,122.7361831665039,0.9579360485076904,411.81768798828125,118.79937744140625,0.8781885504722595,399.9189453125,121.61534881591797,0.9990383982658386
38,498.4557800292969,155.9009552001953,0.9999998807907104,444.3040771484375,157.45016479492188,0.9999998807907104,447.94451904296875,166.7499542236328,0.9999984502792358,440.7346496582031,148.67921447753906,1.0,381.0780944824219,157.3739776611328,0.9999940395355225,378.0965270996094,170.73956298828125,0.9999929070472717,411.6643981933594,165.6595001220703,1.0,378.7119445800781,163.5159149169922,0.9999997615814209,336.12286376953125,166.98133850097656,0.9999991059303284,291.26123046875,186.32322692871094,0.9999961853027344,428.1046142578125,139.24948120117188,0.999995231628418,421.0281982421875,131.43142700195312,0.9999631643295288,417.121337890625,122.8060073852539,0.9996496438980103,423.2896728515625,121.53714752197266,0.9995212554931641,427.1074523925781,125.11808013916016,0.9997206330299377,426.2709045410156,132.4745330810547,0.9980689287185669,423.7036437988281,134.23272705078125,0.963996410369873,450.67578125,179.3548126220703,0.9999936819076538,463.81781005859375,185.72494506835938,0.9999996423721313,464.4641418457031,192.43194580078125,0.9999998211860657,470.2405090332031,190.79254150390625,0.9999995231628418,472.46661376953125,186.2474365234375,0.9999959468841553,470.1424865722656,181.1197509765625,0.9999909996986389,464.2900390625,178.83529663085938,0.9999351501464844,378.3006591796875,188.95230102539062,0.9999963641166687,364.9160461425781,192.7025146484375,0.9999840259552002,364.1917724609375,187.74359130859375,0.07640242576599121,373.450439453125,193.80177307128906,0.6795540452003479,375.11151123046875,198.95046997070312,0.999980092048645,366.5494689941406,204.5002899169922,0.9999181032180786,357.8851013183594,199.5945281982422,0.9999784231185913,395.6416931152344,149.7095489501953,0.99998939037323,401.8183288574219,129.75607299804688,0.9995745420455933,406.2759704589844,136.8203887939453,0.9998699426651001,409.5340881347656,132.4545440673828,0.9990290403366089,413.2186584472656,122.47694396972656,0.9775148034095764,412.04052734375,118.64881896972656,0.9447687864303589,399.77093505859375,122.04714965820312,0.9993699789047241
39,499.3499755859375,155.94692993164062,0.9999998807907104,445.3313293457031,157.5260009765625,0.9999998807907104,447.4574890136719,166.2965087890625,0.9999991655349731,441.9651794433594,148.75372314453125,1.0,382.271484375,158.07969665527344,0.9999879002571106,378.5977478027344,170.84234619140625,0.999983549118042,412.51544189453125,165.74024963378906,0.9999999403953552,379.3902893066406,163.85227966308594,0.9999997615814209,337.516845703125,166.49969482421875,0.9999978542327881,293.6116027832031,184.43560791015625,0.999971866607666,428.0747985839844,139.76670837402344,0.9999957084655762,421.3908386230469,130.6981201171875,0.9999274015426636,417.2862548828125,122.6119613647461,0.9995237588882446,423.4254455566406,121.06780242919922,0.999441385269165,427.4493713378906,124.71051788330078,0.9996289014816284,426.680419921875,131.906494140625,0.9987040162086487,424.45635986328125,133.81634521484375,0.9594470858573914,451.3429260253906,179.4763641357422,0.9999946355819702,463.6575927734375,185.7595672607422,0.9999996423721313,464.3286437988281,192.428955078125,0.9999998807907104,470.0794677734375,190.9639129638672,0.9999997615814209,472.2232971191406,186.3048553466797,0.9999969005584717,469.85546875,181.16973876953125,0.999991774559021,464.2588806152344,179.1320037841797,0.9998893737792969,378.4583435058594,189.17974853515625,0.9999955892562866,365.04925537109375,192.47203063964844,0.9999780654907227,364.23248291015625,187.65826416015625,0.06817156076431274,376.2857666015625,194.27490234375,0.6656668782234192,375.0648193359375,199.1732940673828,0.9999830722808838,366.453125,204.4919891357422,0.9999192357063293,357.5577087402344,199.36671447753906,0.9999780654907227,396.3735046386719,150.20082092285156,0.9999955296516418,402.06689453125,129.6016387939453,0.9995565414428711,406.4729919433594,136.82254028320312,0.999769926071167,410.0446472167969,132.1670379638672,0.9987611770629883,414.0884704589844,119.9344482421875,0.9708364009857178,409.1561584472656,118.93274688720703,0.9492403268814087,399.8171691894531,122.05179595947266,0.9994312524795532
40,500.57794189453125,156.35964965820312,1.0,445.85906982421875,157.97549438476562,0.9999998807907104,448.8069152832031,166.53460693359375,0.9999995827674866,442.9134826660156,149.34300231933594,1.0,384.156494140625,158.7034149169922,0.9999939203262329,379.9548645019531,172.01641845703125,0.9999732375144958,413.77484130859375,166.3139190673828,0.9999998807907104,381.7228088378906,164.5854034423828,0.9999994039535522,340.3592834472656,165.0980682373047,0.9999971389770508,294.953857421875,183.38461303710938,0.9999867677688599,429.6524963378906,140.3751678466797,0.999998927116394,422.7783203125,131.01986694335938,0.9997516870498657,418.1734924316406,123.74992370605469,0.9982781410217285,425.27166748046875,121.62188720703125,0.9979956150054932,428.73028564453125,125.42401885986328,0.9981560111045837,427.7243957519531,132.40744018554688,0.9945660829544067,426.15716552734375,134.34300231933594,0.832912802696228,452.1958923339844,180.27157592773438,0.9999961853027344,463.3642883300781,185.64073181152344,0.9999996423721313,463.93646240234375,192.5508270263672,0.9999997615814209,470.12493896484375,191.24264526367188,0.9999997019767761,472.325439453125,186.1184539794922,0.9999974966049194,469.578369140625,180.87425231933594,0.9999919533729553,464.0416259765625,178.98333740234375,0.9999013543128967,378.506103515625,189.18365478515625,0.9999972581863403,365.130859375,192.858154296875,0.9999837875366211,363.87689208984375,187.80316162109375,0.05947956442832947,376.2348937988281,194.44677734375,0.5984339118003845,374.85986328125,199.24612426757812,0.9999804496765137,366.12994384765625,204.38851928710938,0.9999591112136841,358.0274658203125,199.67323303222656,0.999976634979248,398.4369812011719,150.39675903320312,0.9999926090240479,403.7237854003906,129.8108367919922,0.9998310804367065,407.49615478515625,137.25509643554688,0.9992354512214661,411.6719970703125,132.62252807617188,0.9988445043563843,415.0506896972656,120.30265045166016,0.9825654625892639,409.4537353515625,119.39962005615234,0.9765197038650513,400.174560546875,123.19824981689453,0.9995156526565552
41,501.6035461425781,157.3575897216797,0.9999999403953552,447.2125549316406,158.38307189941406,0.9999997019767761,449.9528503417969,166.85858154296875,0.9999998807907104,441.9541015625,149.745361328125,1.0,385.28656005859375,158.74533081054688,0.9999976754188538,380.95977783203125,171.9898223876953,0.9999855756759644,415.3818359375,166.7119140625,0.9999998807907104,382.64813232421875,164.69815063476562,0.9999998211860657,341.46917724609375,164.93423461914062,0.9999979734420776,295.4388427734375,183.5145263671875,0.9999954104423523,431.8984375,140.04962158203125,0.9999997615814209,425.17547607421875,130.91122436523438,0.9998171329498291,420.2265930175781,123.86454772949219,0.9992997646331787,426.1188049316406,122.38382720947266,0.9988315105438232,429.9119567871094,125.99789428710938,0.997256338596344,428.1408386230469,132.68431091308594,0.9881987571716309,427.0465393066406,134.8328857421875,0.8536028861999512,452.274658203125,180.31591796875,0.9999983906745911,463.3587341308594,185.7239227294922,0.9999995231628418,463.9811706542969,192.40821838378906,0.9999997615814209,470.0966796875,191.09182739257812,0.9999996423721313,472.3548583984375,185.99517822265625,0.9999977350234985,469.6404113769531,180.84385681152344,0.9999916553497314,463.9068908691406,179.1912841796875,0.9998883008956909,379.0101013183594,189.43702697753906,0.9999969005584717,365.2706604003906,192.46209716796875,0.9999836683273315,364.0256042480469,187.70159912109375,0.07434478402137756,376.7261657714844,194.3409423828125,0.4514658749103546,375.2881164550781,199.30386352539062,0.9999802708625793,366.1156311035156,204.23263549804688,0.9999614953994751,357.7115783691406,199.16111755371094,0.9999805092811584,400.7134094238281,150.39222717285156,0.9999936819076538,404.96368408203125,129.9993438720703,0.9999167323112488,408.6807861328125,137.62728881835938,0.9972201585769653,412.84405517578125,132.96456909179688,0.9993768930435181,414.9044189453125,122.94066619873047,0.9960821866989136,413.97454833984375,118.77749633789062,0.9953626990318298,399.9396057128906,123.278076171875,0.9995326399803162
42,503.6131286621094,158.72166442871094,0.9999997615814209,448.8988952636719,159.3726806640625,0.9999996423721313,451.5150451660156,167.3607635498047,0.9999999403953552,444.2714538574219,150.61810302734375,1.0,386.2668151855469,158.6297607421875,0.9999983310699463,381.81829833984375,172.40293884277344,0.9999918937683105,416.9773864746094,167.22586059570312,1.0,383.37811279296875,165.00924682617188,0.9999999403953552,341.9349365234375,164.8297119140625,0.9999988079071045,295.8736572265625,183.09561157226562,0.9999974966049194,433.85247802734375,140.80442810058594,0.9999998211860657,425.8704833984375,130.76513671875,0.9998273849487305,420.7413635253906,124.00948333740234,0.9992074966430664,426.502685546875,122.42394256591797,0.9988229274749756,430.07940673828125,125.85531616210938,0.996566653251648,428.70465087890625,132.2228240966797,0.9912679195404053,427.8947448730469,134.6822509765625,0.7798685431480408,452.8783264160156,180.53237915039062,0.9999979734420776,463.51153564453125,185.73487854003906,0.9999990463256836,464.17315673828125,192.52333068847656,0.9999996423721313,470.0557556152344,191.15103149414062,0.9999995827674866,472.2625732421875,186.04579162597656,0.9999970197677612,469.6485900878906,181.0662384033203,0.9999874830245972,464.0603332519531,179.48382568359375,0.9998223185539246,379.6746826171875,189.70179748535156,0.999997079372406,365.5956726074219,192.82948303222656,0.9999915957450867,364.38299560546875,187.84420776367188,0.08814826607704163,377.0403747558594,194.37246704101562,0.4934207499027252,375.8451232910156,199.76092529296875,0.9999817609786987,366.06439208984375,204.51077270507812,0.9999715089797974,357.69219970703125,199.47377014160156,0.9999856948852539,402.0129089355469,150.26416015625,0.9999915361404419,405.97918701171875,130.2595672607422,0.9999495148658752,411.9438171386719,136.7947235107422,0.9978582859039307,413.510986328125,133.14651489257812,0.9996086359024048,415.7927551269531,122.97901916503906,0.9980461597442627,414.7596130371094,118.41815948486328,0.9962210655212402,400.1903991699219,122.96293640136719,0.9995442628860474
43,504.98675537109375,160.54832458496094,0.9999998807907104,449.5882873535156,159.62892150878906,0.9999996423721313,452.0220031738281,167.78309631347656,0.9999998807907104,444.74566650390625,151.05020141601562,0.9999998807907104,386.00164794921875,158.6027374267578,0.9999980926513672,381.4280700683594,172.18028259277344,0.9999936819076538,416.6201477050781,167.12130737304688,1.0,383.24249267578125,164.77659606933594,0.9999998807907104,340.9690246582031,165.49261474609375,0.9999990463256836,296.06634521484375,183.2270965576172,0.9999985098838806,435.1531982421875,140.5287322998047,0.9999998807907104,426.837158203125,130.55299377441406,0.9998624920845032,421.4060974121094,123.99163818359375,0.9993470907211304,426.8066711425781,122.48966217041016,0.9988926649093628,430.562744140625,125.82627868652344,0.9955079555511475,429.1852111816406,132.12725830078125,0.9899755716323853,428.53173828125,134.4964599609375,0.5957927107810974,452.4015808105469,180.58889770507812,0.9999989867210388,463.2087707519531,185.59629821777344,0.9999990463256836,463.45654296875,192.36932373046875,0.9999995827674866,469.58685302734375,191.36643981933594,0.9999997615814209,472.0854187011719,186.0223846435547,0.9999979734420776,469.80670166015625,181.01394653320312,0.9999889135360718,464.3134765625,179.49557495117188,0.9997954368591309,379.22265625,189.7769012451172,0.9999964237213135,365.20849609375,192.8932342529297,0.9999933242797852,364.59716796875,188.05853271484375,0.10678553581237793,373.9192199707031,194.187744140625,0.5927326083183289,375.51361083984375,199.82798767089844,0.9999841451644897,365.88629150390625,204.6024169921875,0.9999649524688721,357.0947570800781,199.82847595214844,0.9999812841415405,402.2660217285156,150.34207153320312,0.9999902248382568,406.0075378417969,130.35398864746094,0.9999668598175049,411.83447265625,136.45677185058594,0.9978244304656982,413.7303466796875,133.14259338378906,0.9997421503067017,415.8471374511719,123.02644348144531,0.9991015195846558,414.76513671875,118.47866821289062,0.9970382452011108,399.96661376953125,123.10816192626953,0.9995980262756348
44,505.0188293457031,159.94082641601562,0.9999998211860657,450.15374755859375,159.56967163085938,0.9999998211860657,452.55426025390625,168.12193298339844,0.9999999403953552,446.0267333984375,151.37692260742188,0.9999999403953552,386.855224609375,158.71771240234375,0.999998927116394,381.3781433105469,171.81866455078125,0.9999955892562866,417.187744140625,167.4143524169922,1.0,384.0580139160156,164.8954620361328,1.0,341.6824951171875,165.3267059326172,0.9999986886978149,295.56121826171875,183.1010284423828,0.9999994039535522,435.9988708496094,140.9531707763672,0.9999997615814209,427.1202087402344,130.9501190185547,0.999643087387085,421.4579772949219,124.88059997558594,0.9983088970184326,426.3680114746094,122.97721099853516,0.9973821640014648,430.4256591796875,125.82727813720703,0.9834921360015869,429.3792724609375,132.4153289794922,0.9630188941955566,429.0627136230469,135.3765869140625,0.33610236644744873,452.98712158203125,180.6687469482422,0.9999992847442627,463.17852783203125,185.7122802734375,0.9999988675117493,463.6252746582031,192.35630798339844,0.9999996423721313,469.5278015136719,191.32647705078125,0.9999998211860657,472.0498352050781,186.04449462890625,0.9999980926513672,469.84429931640625,181.09825134277344,0.9999831318855286,464.2606506347656,179.6717071533203,0.9995207786560059,379.7937316894531,189.7163848876953,0.9999969005584717,365.3341979980469,192.91465759277344,0.999992311000824,364.34405517578125,187.9986114501953,0.08256849646568298,374.1047058105469,193.97230529785156,0.5145247578620911,375.8634338378906,199.83929443359375,0.9999788999557495,366.094482421875,204.41494750976562,0.999970555305481,357.6054992675781,200.0032501220703,0.9999766945838928,400.4144592285156,150.0871124267578,0.9999948740005493,406.085205078125,130.637451171875,0.9999821782112122,408.0523681640625,137.04507446289062,0.9981986880302429,413.8039855957031,133.41412353515625,0.9998080730438232,416.19891357421875,123.2927017211914,0.999629557132721,414.6237487792969,118.63267517089844,0.9980766773223877,399.85162353515625,123.27642822265625,0.9997508525848389
45,506.0882263183594,160.03860473632812,0.9999998807907104,450.6252746582031,159.74871826171875,0.9999998211860657,453.14892578125,168.42697143554688,0.9999998807907104,445.2173767089844,150.7299346923828,0.9999998807907104,387.44171142578125,159.07644653320312,0.9999990463256836,381.82696533203125,171.88314819335938,0.9999960660934448,417.66876220703125,166.92965698242188,1.0,384.598388671875,164.96371459960938,1.0,342.4674072265625,165.1235809326172,0.9999986886978149,295.7641906738281,181.7278594970703,0.9999994039535522,436.68792724609375,140.95083618164062,0.9999997019767761,427.2939147949219,130.77169799804688,0.9992388486862183,421.5682067871094,125.10147094726562,0.9973887801170349,426.4379577636719,123.14443969726562,0.9957952499389648,430.6182861328125,125.7165756225586,0.9628063440322876,429.52642822265625,132.39088439941406,0.8997027277946472,430.4183044433594,135.41493225097656,0.16254007816314697,453.6546630859375,180.7285919189453,0.9999994039535522,463.1692199707031,185.9371337890625,0.9999986290931702,463.32196044921875,192.70870971679688,0.9999996423721313,469.5341796875,191.68638610839844,0.9999998807907104,471.88641357421875,185.97230529785156,0.9999986290931702,469.65167236328125,180.9684600830078,0.9999850988388062,464.185791015625,179.7761993408203,0.9992706775665283,380.3162841796875,189.96507263183594,0.9999960660934448,365.56402587890625,192.909912109375,0.9999935626983643,364.3933410644531,187.5535888671875,0.0993356704711914,374.35394287109375,193.7627410888672,0.4346681833267212,376.0972595214844,200.19163513183594,0.9999783039093018,366.0542297363281,204.4537353515625,0.9999725818634033,357.69140625,199.93914794921875,0.9999791383743286,400.4439697265625,150.2529754638672,0.9999982118606567,405.5672607421875,131.1613006591797,0.9999899864196777,408.4489440917969,137.7957305908203,0.9980615377426147,413.7907409667969,133.50526428222656,0.9998506307601929,415.8161926269531,123.37809753417969,0.9998047351837158,413.9180603027344,119.2330551147461,0.9985330104827881,399.29364013671875,124.12826538085938,0.9998838901519775
46,508.1245422363281,159.7020721435547,0.9999999403953552,451.9884033203125,159.44984436035156,1.0,454.1673889160156,168.27276611328125,0.9999998807907104,446.81866455078125,150.1490936279297,1.0,387.9585266113281,158.8429412841797,0.9999992847442627,382.3052062988281,171.1925811767578,0.9999976754188538,418.59375,166.01788330078125,1.0,385.0874938964844,164.43052673339844,1.0,342.4274597167969,165.04409790039062,0.9999991655349731,295.64154052734375,181.16818237304688,0.9999996423721313,439.0544128417969,139.95359802246094,0.9999995231628418,428.8380126953125,130.51051330566406,0.9971325397491455,424.00103759765625,129.36460876464844,0.9790831804275513,425.71929931640625,125.5974349975586,0.9479928016662598,431.5563049316406,127.07412719726562,0.3948259651660919,430.3820495605469,135.03778076171875,0.16279825568199158,424.8818054199219,139.87379455566406,0.038515716791152954,454.2049560546875,180.3038330078125,0.9999995827674866,463.0414123535156,185.6149444580078,0.9999984502792358,463.25592041015625,192.54733276367188,0.9999995231628418,469.6861572265625,191.63006591796875,0.9999999403953552,471.5909423828125,185.86705017089844,0.9999990463256836,469.68511962890625,180.99215698242188,0.9999784231185913,464.4849853515625,179.33349609375,0.9988703727722168,380.7053527832031,190.13368225097656,0.9999960660934448,365.6595153808594,193.0769500732422,0.9999969005584717,363.9068603515625,187.71923828125,0.1408078670501709,377.4041748046875,194.48431396484375,0.3034113049507141,376.2737731933594,200.5716552734375,0.9999756217002869,366.0669860839844,204.54100036621094,0.9999803304672241,357.8149719238281,200.12982177734375,0.9999805688858032,401.0352783203125,149.86029052734375,0.9999994039535522,404.9111022949219,131.47976684570312,0.9999986886978149,407.7544250488281,138.73095703125,0.9983313679695129,413.6254577636719,135.00320434570312,0.9999556541442871,415.9934997558594,125.1252212524414,0.9999620318412781,413.38232421875,120.69562530517578,0.9997540712356567,397.8907470703125,124.5621337890625,0.9999458193778992
47,510.0071716308594,160.07211303710938,0.9999998211860657,454.5655822753906,159.2700653076172,0.9999999403953552,456.94586181640625,168.30209350585938,0.9999996423721313,451.3192443847656,150.64334106445312,1.0,388.6510009765625,159.35028076171875,0.9999992847442627,383.2209167480469,171.56607055664062,0.9999976754188538,421.5481262207031,165.31004333496094,1.0,385.9249267578125,164.8581085205078,1.0,342.5107421875,165.06471252441406,0.9999995231628418,297.22509765625,180.2404327392578,0.9999997615814209,442.4442138671875,140.19464111328125,0.999999463558197,436.7516784667969,132.3326873779297,0.9982609748840332,429.8314514160156,131.0881805419922,0.9074609279632568,431.5084228515625,127.48983001708984,0.7781113386154175,437.12841796875,129.29501342773438,0.06181344389915466,437.27880859375,135.22174072265625,0.030263125896453857,435.2298278808594,139.793701171875,0.012175410985946655,455.3232421875,180.1011199951172,0.9999992847442627,463.1490783691406,185.67518615722656,0.9999979734420776,463.020751953125,192.77340698242188,0.9999995231628418,469.664306640625,191.61439514160156,0.9999999403953552,471.37103271484375,185.80825805664062,0.9999989867210388,469.61968994140625,181.09548950195312,0.9999716877937317,464.1159973144531,179.79714965820312,0.9959724545478821,380.67431640625,190.0846710205078,0.9999947547912598,365.819580078125,193.3231964111328,0.9999975562095642,363.30743408203125,187.8420867919922,0.17027157545089722,374.0447998046875,193.81381225585938,0.2592346668243408,376.1742248535156,200.7061004638672,0.9999526739120483,365.5509338378906,204.5738983154297,0.9999759793281555,357.8973388671875,199.3975067138672,0.9999831914901733,402.5685729980469,149.57281494140625,0.9999997615814209,404.6429138183594,131.9490966796875,0.9999998807907104,408.75341796875,138.84837341308594,0.9938734173774719,414.2827453613281,135.7288360595703,0.9999338984489441,414.5910949707031,127.78448486328125,0.9999622702598572,407.9755859375,122.07328796386719,0.9999371767044067,396.7267150878906,124.8990478515625,0.9999312162399292
48,511.5328369140625,161.12994384765625,0.9999998807907104,458.1180419921875,159.97409057617188,0.9999998807907104,459.6036682128906,169.47979736328125,0.9999985694885254,454.9630432128906,151.6820526123047,1.0,389.5211181640625,159.02777099609375,0.9999994039535522,384.67779541015625,171.6924285888672,0.9999986886978149,424.4790344238281,164.45700073242188,0.9999999403953552,386.7960205078125,164.91355895996094,0.9999998807907104,343.20697021484375,164.80813598632812,0.9999995231628418,299.8966979980469,178.86683654785156,0.9999998211860657,446.5933837890625,140.65826416015625,0.9999995231628418,444.7217102050781,133.0491180419922,0.9999881386756897,438.301513671875,130.76217651367188,0.9970992803573608,441.84844970703125,128.45477294921875,0.8451930284500122,446.7404479980469,129.67669677734375,0.15101993083953857,450.2734680175781,135.6948699951172,0.021280348300933838,448.12896728515625,139.5655059814453,0.0571502149105072,455.11395263671875,181.0608367919922,0.9999974966049194,463.41693115234375,186.19261169433594,0.9999971985816956,463.4185791015625,192.90223693847656,0.9999991655349731,470.0191345214844,191.79615783691406,0.9999998807907104,471.3556213378906,185.91732788085938,0.9999986886978149,469.6277770996094,181.46087646484375,0.9999632239341736,463.8568115234375,180.092529296875,0.9801343083381653,381.7414245605469,189.57106018066406,0.9999971985816956,366.1545104980469,193.3606719970703,0.9999982118606567,362.96282958984375,187.7342529296875,0.15179014205932617,374.7604675292969,194.04698181152344,0.20753049850463867,376.1102294921875,200.7437744140625,0.9998899698257446,365.86920166015625,204.1226043701172,0.9999744296073914,358.1446838378906,198.54824829101562,0.9999836683273315,403.6180419921875,148.67886352539062,0.9999998807907104,404.6007995605469,131.67947387695312,0.9999998211860657,407.7591247558594,139.3397216796875,0.9339369535446167,415.3341979980469,134.73451232910156,0.9993836879730225,415.16143798828125,125.08247375488281,0.9999052286148071,407.488037109375,120.55789184570312,0.9999744892120361,396.004638671875,124.72219848632812,0.9999005198478699
49,514.6265258789062,161.94076538085938,1.0,459.0313415527344,161.5965576171875,0.9999998211860657,461.1292419433594,171.13677978515625,0.9999921321868896,457.73681640625,152.6869354248047,0.9999991655349731,392.22259521484375,158.8249969482422,0.9999985098838806,387.8550720214844,172.6132354736328,0.9999986886978149,426.14324951171875,164.59414672851562,1.0,389.5326232910156,165.64480590820312,1.0,345.3349914550781,164.8216552734375,0.9999992847442627,301.4315490722656,178.61135864257812,0.9999998211860657,459.0067138671875,144.70147705078125,0.9999836683273315,464.5019836425781,138.62545776367188,0.9999942779541016,463.5874328613281,131.3901824951172,0.9996711015701294,468.26104736328125,130.82083129882812,0.9900403022766113,470.9267272949219,135.04209899902344,0.9374852180480957,469.8486022949219,139.987548828125,0.9125523567199707,466.9974365234375,144.17140197753906,0.7266632318496704,455.76153564453125,182.33099365234375,0.9999896287918091,464.2834777832031,186.47265625,0.9999947547912598,463.25103759765625,193.21499633789062,0.9999979734420776,470.146484375,192.23915100097656,0.999999463558197,471.289794921875,185.9424285888672,0.9999970197677612,469.24920654296875,180.56106567382812,0.9999351501464844,464.1288757324219,179.2592010498047,0.8988406658172607,383.50640869140625,189.2931671142578,0.9999984502792358,366.3504333496094,193.2965850830078,0.9999982714653015,362.6683654785156,187.5376434326172,0.21248075366020203,376.1232604980469,193.31483459472656,0.09071600437164307,376.6631774902344,200.553466796875,0.9998049736022949,367.0560607910156,203.8896484375,0.9999736547470093,358.7117614746094,199.03465270996094,0.9999896287918091,406.50128173828125,147.52288818359375,0.9999986290931702,403.593994140625,132.18492126464844,0.9999988079071045,407.2041931152344,139.5017852783203,0.8250628709793091,413.4054260253906,134.58724975585938,0.9988727569580078,414.2610778808594,126.335693359375,0.9995154142379761,406.95587158203125,121.40267944335938,0.9995971322059631,395.2034606933594,124.60892486572266,0.9986587762832642
50,516.9850463867188,163.6878204345703,1.0,462.6646728515625,161.8035888671875,0.9999994039535522,463.0937805175781,171.33914184570312,0.9999845027923584,463.73565673828125,153.19644165039062,0.999996542930603,394.4421691894531,159.5767822265625,0.9999994039535522,391.3636474609375,172.75352478027344,0.9999983906745911,429.7486877441406,165.26194763183594,1.0,392.5725402832031,166.02769470214844,0.9999998807907104,346.5982360839844,164.8821563720703,0.9999996423721313,301.82037353515625,178.44985961914062,0.9999998211860657,469.6830749511719,145.68634033203125,0.9998775720596313,482.75396728515625,139.61778259277344,0.9998797178268433,481.9098815917969,131.990478515625,0.9680137634277344,488.330810546875,131.75265502929688,0.2906525135040283,488.3852844238281,136.51058959960938,0.7732446789741516,488.9360656738281,140.80580139160156,0.769100546836853,485.41741943359375,144.90113830566406,0.5902653336524963,456.3189697265625,181.59066772460938,0.9999796748161316,463.9588623046875,185.79495239257812,0.9999949932098389,463.1430969238281,193.31117248535156,0.9999972581863403,470.2391662597656,192.22979736328125,0.9999991655349731,472.0525817871094,185.44329833984375,0.9999961853027344,469.9476013183594,180.05670166015625,0.9998669624328613,464.62353515625,178.20401000976562,0.7742955684661865,383.58355712890625,188.90817260742188,0.9999991655349731,365.89813232421875,193.64370727539062,0.9999991655349731,360.6552429199219,188.12319946289062,0.5164958238601685,374.9707336425781,193.77020263671875,0.07669773697853088,374.5718078613281,200.5631561279297,0.9993069171905518,366.767822265625,203.4506072998047,0.999931275844574,358.8328552246094,199.42428588867188,0.9999687671661377,408.7757568359375,147.20556640625,0.9999948143959045,403.72528076171875,132.7186737060547,0.9999979734420776,407.0749816894531,139.43582153320312,0.7124966979026794,413.1290283203125,134.65122985839844,0.9987964630126953,412.9859313964844,126.73307037353516,0.9997047185897827,406.9701843261719,121.85993957519531,0.9996442198753357,395.214111328125,124.53547668457031,0.9990959167480469
51,520.533935546875,164.32131958007812,1.0,468.4819030761719,162.1209716796875,0.9999997019767761,468.82879638671875,170.7744140625,0.9999969005584717,469.52886962890625,153.36009216308594,0.9999868273735046,397.7251281738281,159.30384826660156,0.9999977350234985,394.85845947265625,172.8142547607422,0.9999943971633911,433.2982177734375,164.9178009033203,0.9999998211860657,396.6911926269531,165.98390197753906,0.9999998807907104,348.6624450683594,165.0308074951172,0.9999997615814209,302.6767272949219,178.12940979003906,0.9999998807907104,480.1437072753906,142.98236083984375,0.9999969005584717,495.9622802734375,138.9827117919922,0.9999988079071045,496.2117614746094,131.2958984375,0.999997079372406,502.82958984375,132.6259002685547,0.9999984502792358,504.0657958984375,137.6817169189453,0.9999979138374329,502.98846435546875,143.5340118408203,0.9999957084655762,495.9714050292969,145.76255798339844,0.9999372959136963,458.9134826660156,179.53138732910156,0.9999710321426392,464.22760009765625,185.25027465820312,0.999995231628418,463.1890869140625,192.6089324951172,0.9999970197677612,470.9381408691406,191.5117645263672,0.9999991059303284,472.61376953125,185.1994171142578,0.9999908208847046,470.29730224609375,179.77586364746094,0.9994668364524841,465.2160949707031,177.37881469726562,0.46277016401290894,384.3079528808594,188.84864807128906,0.9999986886978149,367.09698486328125,193.3510284423828,0.9999991655349731,358.8882751464844,189.194580078125,0.9505065679550171,373.7045593261719,192.93394470214844,0.23273509740829468,373.248046875,200.7116241455078,0.9987925291061401,367.26043701171875,203.5421600341797,0.9998438954353333,359.5863952636719,199.07803344726562,0.999934196472168,410.94793701171875,145.60682678222656,0.9999764561653137,403.6081848144531,132.9581298828125,0.9999977946281433,406.3455810546875,139.9844970703125,0.2289104461669922,412.4809265136719,134.91600036621094,0.9916766285896301,412.0770263671875,126.68859100341797,0.9992302656173706,406.73095703125,122.07057189941406,0.9996626973152161,394.8228454589844,125.08004760742188,0.9996744394302368
52,523.6648559570312,165.36468505859375,0.9999999403953552,472.27008056640625,162.59710693359375,0.9999997019767761,471.1949768066406,171.4574432373047,0.9999989867210388,474.9435729980469,154.32662963867188,0.9999961853027344,399.0320129394531,158.7087860107422,0.9999978542327881,396.85675048828125,172.09165954589844,0.9999977350234985,437.0671691894531,163.25,0.9999999403953552,398.7801208496094,165.1959686279297,1.0,348.4154968261719,165.77481079101562,0.9999998211860657,303.7135925292969,177.53399658203125,0.9999997615814209,485.6847229003906,143.27008056640625,0.9999980926513672,501.1349792480469,138.8923797607422,0.9999992847442627,501.7167053222656,131.48374938964844,0.9999982714653015,507.0482177734375,131.0367889404297,0.9999943971633911,509.6361389160156,137.01974487304688,0.9999990463256836,507.9438171386719,143.12673950195312,0.9999983310699463,501.39312744140625,146.4573211669922,0.9999796152114868,460.3186340332031,179.60205078125,0.9999618530273438,464.2073974609375,185.53370666503906,0.9999939203262329,463.17572021484375,192.69947814941406,0.9999944567680359,471.0876159667969,191.7332305908203,0.9999988079071045,473.2630310058594,185.86312866210938,0.9999745488166809,469.2563781738281,180.00816345214844,0.9947854280471802,465.415283203125,179.42213439941406,0.05890935659408569,385.9206848144531,189.02780151367188,0.9999994039535522,367.4034423828125,193.0217742919922,0.9999998807907104,357.6390686035156,187.98397827148438,0.7544952630996704,373.4415283203125,193.32333374023438,0.01649615168571472,372.0376281738281,200.28619384765625,0.8956780433654785,366.7867126464844,203.3568878173828,0.9768679141998291,361.0226135253906,196.98545837402344,0.9970211982727051,411.9169006347656,144.05776977539062,0.9999382495880127,403.59576416015625,133.01966857910156,0.9999964237213135,407.045654296875,139.28671264648438,0.05722817778587341,412.6734313964844,134.31971740722656,0.9842470288276672,412.3446960449219,126.34078979492188,0.9985761046409607,406.6235656738281,122.06766510009766,0.9995924830436707,395.08575439453125,125.53019714355469,0.9997077584266663
53,526.4038696289062,167.91241455078125,0.9999999403953552,474.9819030761719,164.57125854492188,0.9999995827674866,473.0258483886719,172.7569122314453,0.9999959468841553,479.5296630859375,155.1406707763672,0.9999982118606567,401.09442138671875,157.67388916015625,0.9999994039535522,400.71868896484375,172.09718322753906,0.9999994039535522,439.6654968261719,163.5062255859375,0.9999998807907104,401.9769592285156,165.09169006347656,1.0,351.2398986816406,166.12318420410156,0.9999997615814209,306.55670166015625,176.24661254882812,1.0,491.2573547363281,144.59483337402344,0.9999996423721313,506.7178649902344,141.0574493408203,0.999991238117218,508.3303527832031,132.93971252441406,0.9999853372573853,513.83984375,133.96389770507812,0.9999983310699463,516.3448486328125,140.7684783935547,0.9999999403953552,514.4473876953125,146.21725463867188,0.9999996423721313,507.0722961425781,148.61209106445312,0.9999957084655762,462.6227111816406,179.515869140625,0.9998966455459595,464.1695251464844,186.6917266845703,0.9999858140945435,463.2361145019531,193.07859802246094,0.9999811053276062,470.25457763671875,192.2830810546875,0.9999988079071045,472.14630126953125,186.2284698486328,0.9999470710754395,469.48486328125,181.4908905029297,0.9659380912780762,466.7661437988281,179.91282653808594,0.009785860776901245,389.41693115234375,188.96054077148438,0.9999989867210388,369.2393493652344,192.1632080078125,0.9999995827674866,359.2722473144531,187.60006713867188,0.48653173446655273,401.3799133300781,130.701904296875,0.004783928394317627,371.88787841796875,200.23069763183594,0.44832924008369446,367.7236633300781,202.29859924316406,0.8368390202522278,363.60711669921875,195.8584442138672,0.9534174799919128,411.19903564453125,143.24008178710938,0.9999592304229736,402.9958190917969,133.2039031982422,0.9999969005584717,406.1557312011719,139.60581970214844,0.05251583456993103,412.5034484863281,134.23501586914062,0.9892390370368958,412.02801513671875,126.56565856933594,0.9990818500518799,406.3890686035156,121.8100357055664,0.999755322933197,394.7795104980469,126.03243255615234,0.9998679161071777
54,528.6427612304688,168.46026611328125,0.9999998807907104,477.2742614746094,165.80186462402344,0.9999996423721313,475.326904296875,173.72242736816406,0.9999961853027344,481.8275146484375,157.07545471191406,0.9999949932098389,403.70062255859375,157.6365203857422,0.9999997019767761,403.645263671875,171.21363830566406,0.9999998807907104,442.5140686035156,164.0918731689453,1.0,404.0811767578125,164.77464294433594,1.0,352.71112060546875,166.76255798339844,0.9999991655349731,306.5845642089844,175.6227569580078,0.9999998807907104,496.8558654785156,147.62969970703125,0.9999900460243225,512.4158935546875,146.0162353515625,0.9999979734420776,511.31494140625,138.8644561767578,0.9999748468399048,517.9545288085938,139.1654815673828,0.9999967813491821,520.7199096679688,145.53587341308594,0.9999992251396179,519.71533203125,151.32183837890625,0.9999979138374329,512.6214599609375,153.43540954589844,0.9999796152114868,466.5976867675781,180.0605926513672,0.9999209642410278,464.2247314453125,187.1623992919922,0.9999828934669495,463.6145935058594,193.7815399169922,0.9999860525131226,470.03302001953125,192.30697631835938,0.9999989867210388,472.1870422363281,188.73057556152344,0.9999262690544128,469.7869873046875,182.80213928222656,0.9166032075881958,465.5102233886719,180.4390411376953,0.014389067888259888,397.41412353515625,188.2245330810547,0.9999983310699463,376.77880859375,190.87637329101562,0.999987006187439,369.44793701171875,187.88040161132812,0.7507010698318481,381.42474365234375,191.09207153320312,0.021455436944961548,379.7345275878906,196.8352508544922,0.1509358286857605,375.4373779296875,201.58935546875,0.15075883269309998,367.0914306640625,196.38661193847656,0.4037132263183594,412.3479309082031,142.61631774902344,0.9999676942825317,402.2211608886719,132.87852478027344,0.9999977350234985,405.5627746582031,141.3018035888672,0.041869401931762695,412.5040283203125,134.64398193359375,0.9813098907470703,411.5325927734375,126.91316223144531,0.9991387128829956,406.3494567871094,121.75729370117188,0.9998315572738647,394.18487548828125,126.29338836669922,0.9999455213546753
55,528.9789428710938,171.7603302001953,0.9999998807907104,481.15130615234375,167.33865356445312,0.9999995231628418,477.9162902832031,175.0067138671875,0.9999959468841553,485.0685119628906,159.45640563964844,0.9999980926513672,404.73272705078125,157.800048828125,0.9999998807907104,406.0373229980469,172.14907836914062,1.0,444.965087890625,164.39947509765625,1.0,404.7710266113281,165.1519317626953,1.0,351.7162170410156,167.24801635742188,0.9999997615814209,307.66363525390625,175.24427795410156,0.9999998807907104,499.22747802734375,151.03402709960938,0.9999966621398926,513.3847045898438,149.5641632080078,0.9999973177909851,511.3446960449219,143.14869689941406,0.9999415874481201,518.3438110351562,143.02012634277344,0.9999858140945435,521.5972900390625,148.74928283691406,0.9999992847442627,520.6722412109375,155.27633666992188,0.9999853372573853,514.079833984375,155.7097625732422,0.9995945692062378,468.3847961425781,180.87901306152344,0.9999748468399048,463.26922607421875,187.55506896972656,0.999975323677063,461.72625732421875,194.28424072265625,0.9999727606773376,468.8238830566406,192.9882354736328,0.9999977350234985,471.0341796875,189.92897033691406,0.999854326248169,468.3277587890625,184.16012573242188,0.8506232500076294,463.02386474609375,182.95872497558594,0.022423386573791504,409.1431579589844,188.90969848632812,0.9999500513076782,392.0845642089844,193.69273376464844,0.9999868869781494,386.99066162109375,189.76629638671875,0.8766043186187744,401.3473815917969,192.96986389160156,0.11150869727134705,397.093017578125,198.6268310546875,0.5330147743225098,396.3039245605469,201.9510955810547,0.4328475296497345,386.96160888671875,199.53941345214844,0.5905847549438477,413.1290588378906,142.38375854492188,0.9999747276306152,402.0208740234375,132.91114807128906,0.9999984502792358,405.7969665527344,141.10348510742188,0.06841200590133667,413.5379638671875,134.67942810058594,0.9803285598754883,412.177978515625,126.59506225585938,0.9993385672569275,406.77618408203125,121.16019439697266,0.9998511075973511,393.94049072265625,126.32426452636719,0.9999445676803589
56,531.4478149414062,172.66656494140625,1.0,482.3500671386719,168.9283905029297,0.9999989867210388,478.05938720703125,176.420654296875,0.9999978542327881,485.9511413574219,161.0631103515625,0.9999992847442627,407.21661376953125,156.61070251464844,0.9999993443489075,412.7509765625,171.56068420410156,0.9999998807907104,446.80841064453125,163.5636444091797,0.9999999403953552,408.37701416015625,164.83705139160156,1.0,353.9351806640625,167.65382385253906,1.0,308.1499938964844,174.4510955810547,0.9999998807907104,497.63623046875,151.26953125,0.9999984502792358,512.4622802734375,149.06356811523438,0.9999971985816956,511.815673828125,142.4860382080078,0.9999008178710938,517.3872680664062,142.0565643310547,0.9999961853027344,520.9099731445312,148.347900390625,0.999999463558197,519.8480834960938,155.07212829589844,0.9999925494194031,513.315673828125,155.9814910888672,0.9997868537902832,468.6285705566406,181.9353790283203,0.9999815225601196,463.039306640625,187.45657348632812,0.999981701374054,460.905029296875,193.66073608398438,0.9999833106994629,469.0581359863281,193.52227783203125,0.9999958276748657,470.6588439941406,190.37860107421875,0.9996597170829773,469.4952087402344,184.66783142089844,0.6123170256614685,463.1808166503906,183.61148071289062,0.04400676488876343,419.470458984375,184.31163024902344,0.9999999403953552,411.5611877441406,194.8523712158203,0.9999960660934448,404.6036682128906,189.81808471679688,0.014703631401062012,419.51019287109375,191.94052124023438,0.35003796219825745,418.3315734863281,195.30548095703125,0.952721893787384,417.36090087890625,202.5582275390625,0.9232164621353149,411.47723388671875,201.41912841796875,0.9399247169494629,412.6080627441406,141.2584991455078,0.999976634979248,401.1802062988281,133.31150817871094,0.9999978542327881,403.9490051269531,140.33424377441406,0.08024367690086365,413.3382568359375,134.27264404296875,0.9390094876289368,412.160888671875,126.97907257080078,0.9991719126701355,406.2110900878906,121.51382446289062,0.9997928738594055,393.58758544921875,126.6832046508789,0.9998608827590942
57,533.4791870117188,175.4349365234375,0.9999998807907104,484.899658203125,170.14279174804688,0.9999997019767761,480.9017333984375,178.3193359375,0.9999995231628418,489.4811096191406,162.5086669921875,0.9999998807907104,409.33795166015625,156.8256378173828,0.9999980330467224,416.1743469238281,171.56956481933594,1.0,450.46942138671875,163.19644165039062,1.0,411.7302551269531,164.30348205566406,1.0,356.65728759765625,168.2553253173828,0.9999998807907104,309.7859802246094,174.04783630371094,0.9999999403953552,498.0090026855469,151.6222686767578,0.9999997019767761,512.1815795898438,149.5338897705078,0.9999960660934448,511.0722351074219,142.82296752929688,0.9999470710754395,517.2256469726562,141.8320770263672,0.9999932646751404,521.1224365234375,148.4922637939453,0.9999991655349731,519.824462890625,155.82943725585938,0.9999949932098389,513.510986328125,157.26419067382812,0.9997141361236572,469.31951904296875,183.88853454589844,0.9999617338180542,462.55474853515625,188.63607788085938,0.9999733567237854,459.9248046875,194.36181640625,0.9999867677688599,467.90093994140625,194.8738555908203,0.9999746084213257,470.4727783203125,192.2480010986328,0.9985479116439819,469.4574279785156,188.1179656982422,0.743691086769104,463.3478088378906,183.99269104003906,0.6419842839241028,427.21429443359375,181.9718017578125,0.9999998807907104,422.6339416503906,196.37400817871094,0.9999996423721313,422.2571716308594,191.11953735351562,0.22675812244415283,430.018798828125,191.929931640625,0.9822278022766113,430.5868225097656,195.6024932861328,0.9998241662979126,430.8902893066406,201.31788635253906,0.9995993375778198,422.7550354003906,204.25865173339844,0.9999337196350098,413.13116455078125,140.3768768310547,0.9999819993972778,400.8560791015625,133.4434051513672,0.9999974966049194,403.2393798828125,140.81668090820312,0.059367477893829346,412.1812438964844,134.75244140625,0.9390411376953125,412.2570495605469,127.97716522216797,0.9995716214179993,406.75091552734375,121.70932006835938,0.9998701810836792,393.01861572265625,125.8284683227539,0.9998445510864258
58,536.8303833007812,178.1245574951172,0.9999998807907104,487.54705810546875,171.6312255859375,0.9999995827674866,483.42108154296875,180.39251708984375,0.9999997615814209,491.807861328125,163.82228088378906,1.0,411.8353271484375,156.955322265625,0.9999979734420776,419.947998046875,172.2858123779297,1.0,453.6056823730469,163.49716186523438,1.0,415.0850524902344,164.52297973632812,1.0,364.2872314453125,169.03213500976562,0.9999997615814209,313.74658203125,173.68516540527344,0.9999997615814209,500.039794921875,151.7742462158203,0.9999997615814209,512.6343994140625,149.44444274902344,0.9999978542327881,511.4006652832031,142.88880920410156,0.999809980392456,517.3845825195312,141.1438751220703,0.9999825954437256,521.4474487304688,148.22755432128906,0.9999988079071045,520.8177490234375,155.4187774658203,0.999989926815033,514.3296508789062,157.74014282226562,0.9996774196624756,470.6534729003906,187.26007080078125,0.9999639987945557,464.35565185546875,191.06272888183594,0.9999831318855286,461.0470275878906,195.0720672607422,0.9998229742050171,468.27392578125,195.6392822265625,0.9977794885635376,471.0653991699219,193.1664581298828,0.8853930234909058,469.2574462890625,187.50608825683594,0.20028036832809448,462.9824523925781,185.7346954345703,0.687619686126709,433.2677917480469,180.2400665283203,0.9999998807907104,435.4230651855469,189.99905395507812,0.9999842643737793,439.1895446777344,182.4566192626953,0.07301568984985352,442.0909729003906,185.4732666015625,0.9963776469230652,443.0854187011719,188.8954620361328,0.9995747804641724,441.8534240722656,195.2510986328125,0.9998002648353577,434.8124084472656,196.37013244628906,0.9998391270637512,413.30303955078125,140.19114685058594,0.999984860420227,400.96563720703125,133.78797912597656,0.9999980926513672,403.179443359375,142.87472534179688,0.03184199333190918,413.5195617675781,134.22470092773438,0.9597387313842773,412.4508056640625,129.420654296875,0.9998353123664856,407.280029296875,122.09803009033203,0.9999160766601562,393.1561279296875,126.57696533203125,0.9998811483383179
59,541.032470703125,178.73744201660156,1.0,492.17474365234375,173.74339294433594,0.9999997615814209,486.2648620605469,182.23402404785156,0.9999997615814209,495.9886169433594,166.0137176513672,0.9999999403953552,414.9761047363281,157.59556579589844,0.9999966621398926,424.3638000488281,173.6938934326172,0.9999998807907104,457.9200744628906,164.07086181640625,0.9999998807907104,418.9375915527344,166.2744598388672,1.0,367.0459899902344,169.0994110107422,0.9999998807907104,319.16192626953125,171.35044860839844,0.9999989867210388,502.3035888671875,152.0970458984375,0.9999997019767761,513.0582275390625,149.4938507080078,0.9999983906745911,510.871337890625,143.4990692138672,0.9995789527893066,516.5635375976562,140.7882537841797,0.9999751448631287,521.3057861328125,147.62510681152344,0.9999982118606567,521.2923583984375,154.60289001464844,0.9999749660491943,515.3488159179688,157.65365600585938,0.9995095729827881,471.87103271484375,188.97723388671875,0.9999858140945435,464.391357421875,192.24331665039062,0.9999277591705322,461.52862548828125,196.6142578125,0.9924899339675903,469.2918701171875,196.4443817138672,0.8370567560195923,471.8359375,193.24012756347656,0.03819453716278076,469.36798095703125,189.81320190429688,0.03158840537071228,463.9066467285156,187.74148559570312,0.5432620048522949,439.3599548339844,178.6037139892578,0.9999992251396179,446.6016540527344,190.9964141845703,0.9999874830245972,448.5954284667969,184.49588012695312,0.9998381733894348,452.53448486328125,186.05055236816406,0.9999575614929199,456.297119140625,190.91551208496094,0.9999648928642273,451.53399658203125,194.8898162841797,0.9999908208847046,443.9593505859375,194.31390380859375,0.9999738931655884,414.2237854003906,140.96038818359375,0.9999954700469971,400.8668212890625,134.02548217773438,0.9999991655349731,403.3387756347656,143.18893432617188,0.06756290793418884,412.5561828613281,134.7506866455078,0.9803266525268555,412.89898681640625,129.9973907470703,0.9999021291732788,406.9454040527344,122.40069580078125,0.9999295473098755,392.96197509765625,126.60881805419922,0.9997214674949646
60,544.852294921875,179.45265197753906,1.0,494.0743103027344,174.77029418945312,0.9999995231628418,488.2053527832031,182.90272521972656,0.9999992847442627,496.8079528808594,166.08804321289062,1.0,419.3857421875,158.1614990234375,0.999998927116394,428.0052490234375,172.49693298339844,0.9999997615814209,459.6020202636719,164.48992919921875,0.9999997615814209,423.7815246582031,165.92971801757812,1.0,372.1367492675781,170.0378875732422,1.0,326.5596618652344,166.77980041503906,0.999999463558197,502.1015625,151.83944702148438,0.9999996423721313,514.3983154296875,149.39064025878906,0.9999988079071045,511.354736328125,143.9661407470703,0.9995858669281006,516.9668579101562,140.67413330078125,0.9999649524688721,522.256103515625,146.74485778808594,0.9999971389770508,522.5814208984375,153.7569580078125,0.9999796748161316,516.530517578125,157.58932495117188,0.9996242523193359,474.27301025390625,187.9557342529297,0.9999324083328247,467.4037170410156,191.52001953125,0.9999632835388184,465.5130920410156,196.10296630859375,0.973142683506012,472.3544921875,195.7584991455078,0.8980861902236938,473.9371032714844,193.13087463378906,0.11858212947845459,472.3377380371094,189.84107971191406,0.05980086326599121,466.75616455078125,188.8507537841797,0.4360032379627228,444.0782165527344,178.45443725585938,0.9999709129333496,452.1427307128906,190.2206268310547,0.9999977350234985,453.80560302734375,184.60008239746094,0.9999873638153076,457.8495178222656,187.2431640625,0.999946653842926,461.9934997558594,192.1295928955078,0.9999698996543884,457.9361572265625,197.17495727539062,0.9999694228172302,448.0105285644531,196.18087768554688,0.999991774559021,415.97003173828125,140.71994018554688,0.9999968409538269,400.5747375488281,134.4197540283203,0.9999994039535522,402.57440185546875,143.12130737304688,0.07303419709205627,411.8872375488281,134.8125457763672,0.9651609659194946,412.008544921875,129.87559509277344,0.999785304069519,406.40045166015625,122.68721771240234,0.9999507665634155,392.5618896484375,127.00393676757812,0.9997431635856628
61,548.9696655273438,179.72779846191406,1.0,495.68280029296875,176.02438354492188,0.9999996423721313,491.1431884765625,184.1144561767578,0.9999997615814209,499.2983093261719,167.0200958251953,1.0,423.2955627441406,159.09347534179688,0.9999994039535522,431.69097900390625,172.5022430419922,0.9999997615814209,463.27496337890625,165.18406677246094,0.9999997615814209,427.11175537109375,166.09634399414062,1.0,375.4397888183594,170.45028686523438,1.0,328.8367614746094,165.81736755371094,0.9999995231628418,503.6904602050781,152.34228515625,0.9999991655349731,515.2208862304688,149.87887573242188,0.9999964237213135,510.7427978515625,145.0281219482422,0.9989227056503296,516.2603759765625,140.23199462890625,0.9998016357421875,522.284912109375,145.33920288085938,0.9999781847000122,523.8838500976562,152.8407745361328,0.9999423027038574,518.0752563476562,157.5066375732422,0.9989127516746521,476.9758605957031,188.53656005859375,0.9999209642410278,470.0637512207031,192.085693359375,0.9998834133148193,465.94329833984375,196.43910217285156,0.8670666217803955,471.1776123046875,196.44093322753906,0.4973084032535553,474.8907165527344,194.62493896484375,0.03821784257888794,474.29083251953125,191.45115661621094,0.028612464666366577,469.1839599609375,190.25262451171875,0.2889460325241089,445.5036926269531,179.50765991210938,0.9999660849571228,454.7335510253906,193.29452514648438,0.9999988079071045,455.7870178222656,186.48997497558594,0.9999815225601196,460.9912414550781,189.3437957763672,0.9999905824661255,464.5099182128906,196.77703857421875,0.9999990463256836,460.108154296875,200.74403381347656,0.9999892711639404,448.80010986328125,198.8828125,0.9999985098838806,418.00189208984375,141.55690002441406,0.9999984502792358,401.32513427734375,134.82839965820312,0.9999991655349731,401.53070068359375,141.5926055908203,0.03524702787399292,413.39398193359375,134.54054260253906,0.9762988090515137,412.1268615722656,129.59165954589844,0.9998787641525269,406.53082275390625,123.48558807373047,0.9999823570251465,393.10113525390625,128.13003540039062,0.9998786449432373
62,555.70849609375,179.7771759033203,1.0,500.1252746582031,177.33694458007812,1.0,495.7870788574219,185.27186584472656,0.999998927116394,503.70953369140625,168.03208923339844,0.9999998807907104,427.2557373046875,160.5851287841797,0.9999997019767761,432.97564697265625,173.87603759765625,0.9999998807907104,468.3121032714844,165.90847778320312,1.0,431.0319519042969,166.62632751464844,1.0,380.9584655761719,170.06198120117188,0.9999998807907104,332.8127746582031,165.44322204589844,1.0,505.3690490722656,153.80072021484375,0.9999983310699463,514.7978515625,150.9647979736328,0.9999949932098389,509.1639099121094,147.10487365722656,0.9987779855728149,514.8109130859375,141.45669555664062,0.9996156692504883,521.3380737304688,145.4130096435547,0.9999216794967651,523.5457763671875,152.8255157470703,0.9997825622558594,518.2899169921875,158.12673950195312,0.9949967861175537,482.2257080078125,191.05859375,0.999947190284729,471.3538513183594,193.52992248535156,0.9989767670631409,467.3646240234375,196.7344970703125,0.8467183113098145,479.3385314941406,202.08543395996094,0.03845754265785217,480.3756408691406,199.35568237304688,0.003862917423248291,475.2228088378906,193.45462036132812,0.002270251512527466,469.98822021484375,190.60198974609375,0.39124852418899536,447.4197998046875,180.60000610351562,0.9999978542327881,454.30950927734375,194.9584503173828,0.9999996423721313,454.8634948730469,187.04977416992188,0.9998918175697327,460.9510192871094,190.86886596679688,0.9999736547470093,462.12628173828125,197.9162139892578,0.9999985694885254,460.1734313964844,202.9141082763672,0.9999790787696838,447.40692138671875,200.30813598632812,0.9999969005584717,420.43524169921875,142.17881774902344,0.9999961853027344,402.6531677246094,135.01528930664062,0.9999972581863403,402.8030700683594,140.15512084960938,0.14070400595664978,413.8096008300781,134.17990112304688,0.9963697791099548,411.62945556640625,128.5169677734375,0.9999045133590698,405.3215026855469,123.81893920898438,0.9999703168869019,393.96795654296875,130.0406494140625,0.9997875690460205
63,559.96533203125,179.93902587890625,1.0,503.22943115234375,178.7769012451172,0.9999997019767761,499.0575256347656,187.3226776123047,0.9999992847442627,507.4244689941406,170.2294921875,0.9999995231628418,431.9301452636719,161.94610595703125,0.9999998807907104,437.1476745605469,173.813720703125,1.0,472.3925476074219,167.53707885742188,0.9999999403953552,434.88995361328125,167.8907928466797,1.0,384.6739501953125,169.0048370361328,0.9999999403953552,334.3023986816406,166.06520080566406,0.9999998807907104,506.56048583984375,155.28851318359375,0.9999991655349731,514.6015625,151.4900360107422,0.999993085861206,509.2838134765625,147.76368713378906,0.9996715784072876,514.7689819335938,142.25233459472656,0.9996587038040161,521.2930908203125,146.0513153076172,0.9997633695602417,522.8436279296875,153.51889038085938,0.999393105506897,518.4874267578125,158.21099853515625,0.9750345349311829,485.3498229980469,191.86459350585938,0.999031126499176,472.98419189453125,193.29931640625,0.9712952971458435,469.8921813964844,197.14463806152344,0.7945986390113831,481.6910095214844,202.29147338867188,0.038883596658706665,482.7021179199219,200.40414428710938,0.003964781761169434,550.962158203125,183.4292449951172,0.001057744026184082,472.8599548339844,192.13250732421875,0.04698258638381958,450.7834777832031,180.6262969970703,0.9999997615814209,453.9056701660156,195.11373901367188,0.9999992847442627,455.90692138671875,188.06158447265625,0.9977928400039673,461.1124267578125,191.43484497070312,0.9999845027923584,461.7619323730469,198.611328125,0.9999985694885254,459.0681457519531,204.1021270751953,0.999981701374054,445.7829284667969,201.59535217285156,0.9999597668647766,423.7525939941406,141.94517517089844,0.9999874234199524,403.81695556640625,135.0255584716797,0.9999985694885254,404.2901916503906,139.6908721923828,0.050144731998443604,414.20654296875,133.25015258789062,0.9844906330108643,411.40325927734375,127.7986068725586,0.9998190402984619,405.4147644042969,124.7014389038086,0.9999771118164062,394.34228515625,129.00265502929688,0.999913215637207
64,565.1331787109375,180.7611083984375,1.0,507.8956604003906,179.75933837890625,0.9999999403953552,504.31982421875,188.1865234375,0.9999992251396179,510.8985595703125,170.74746704101562,0.9999998807907104,437.4368896484375,161.5637664794922,0.9999998807907104,442.7759094238281,173.09791564941406,0.9999995231628418,474.67266845703125,169.39599609375,0.9999994039535522,440.5290832519531,167.08212280273438,0.9999999403953552,389.6703186035156,167.0355682373047,1.0,336.821533203125,165.4425048828125,1.0,507.7796630859375,155.77439880371094,0.9999986290931702,513.9573364257812,151.42987060546875,0.9999933242797852,509.7909851074219,146.74794006347656,0.9997780919075012,515.2044677734375,142.3748321533203,0.9999022483825684,520.452880859375,146.65371704101562,0.9999239444732666,522.2899169921875,153.2089080810547,0.999631404876709,517.2865600585938,157.68087768554688,0.9902114868164062,493.7770080566406,196.0661163330078,0.9999929666519165,480.165771484375,199.35215759277344,0.9995102882385254,477.10711669921875,203.1009521484375,0.3154832720756531,489.03369140625,206.76742553710938,0.0070580244064331055,402.0100402832031,131.34019470214844,0.0023886561393737793,399.46087646484375,129.9463348388672,0.00040900707244873047,479.967529296875,193.8596954345703,0.21633774042129517,454.63348388671875,182.8746795654297,0.9999994039535522,454.4979553222656,196.02125549316406,0.999998927116394,457.15325927734375,190.53843688964844,0.4263996481895447,460.6615295410156,191.91793823242188,0.9995124936103821,462.58123779296875,198.6777801513672,0.999990701675415,458.88201904296875,204.67762756347656,0.9999913573265076,448.7381591796875,201.63571166992188,0.999984622001648,427.944580078125,145.05931091308594,0.9999412298202515,404.0426025390625,136.087646484375,0.9999987483024597,405.3957824707031,140.69203186035156,0.08135324716567993,414.1809387207031,135.9662628173828,0.9816558361053467,412.4833068847656,128.8247528076172,0.9998983144760132,404.1924133300781,125.51497650146484,0.999993622303009,395.53692626953125,130.65403747558594,0.9999798536300659
65,569.5250244140625,181.1333770751953,1.0,511.4864807128906,180.22633361816406,0.9999999403953552,511.753173828125,189.63729858398438,0.9999989867210388,514.86474609375,171.15139770507812,0.9999998807907104,442.4830017089844,161.5196075439453,0.9999998211860657,447.52728271484375,174.65512084960938,0.9999995827674866,478.3955383300781,172.0282745361328,0.9999994039535522,444.9745178222656,167.53941345214844,0.9999998807907104,393.8410339355469,167.54287719726562,0.9999997019767761,342.3186950683594,163.8729705810547,1.0,509.389892578125,155.61708068847656,0.9999996423721313,514.9666137695312,151.4985809326172,0.9999980926513672,512.1353759765625,145.84303283691406,0.9999034404754639,517.3240356445312,142.7412109375,0.9999698996543884,521.7366333007812,146.6526641845703,0.9999602437019348,522.8858642578125,153.9961395263672,0.9998427629470825,517.676025390625,157.8064422607422,0.9769017100334167,503.3166809082031,196.77081298828125,0.9999910593032837,499.3985595703125,205.57164001464844,0.999987006187439,495.883056640625,212.8946075439453,0.9858130812644958,502.0956726074219,213.75648498535156,0.9566370248794556,506.18585205078125,211.65660095214844,0.9886658191680908,506.2817077636719,207.32044982910156,0.2043389081954956,501.5386657714844,197.66397094726562,0.02600798010826111,457.0819396972656,184.8105926513672,0.9999943971633911,453.6632995605469,194.961669921875,0.9999991655349731,456.50201416015625,189.8322296142578,0.1339651644229889,460.9709167480469,193.1643524169922,0.999677300453186,461.5370788574219,199.6800537109375,0.9999986886978149,457.51068115234375,205.6094970703125,0.9999648332595825,447.2613525390625,200.176513671875,0.9993653893470764,431.74603271484375,146.50704956054688,0.99951171875,406.8058776855469,136.2441864013672,0.9999960660934448,409.3127136230469,141.49114990234375,0.09259563684463501,417.8249206542969,135.23695373535156,0.9806556105613708,416.00286865234375,129.11895751953125,0.9998594522476196,407.9170227050781,125.25489044189453,0.9999685287475586,398.51483154296875,131.32606506347656,0.9999882578849792
66,574.9827270507812,181.4518280029297,1.0,519.0914306640625,179.46800231933594,0.9999997019767761,521.7493896484375,188.99586486816406,0.9999979734420776,519.448486328125,170.5117645263672,0.9999995827674866,450.0152282714844,161.55978393554688,0.9999997615814209,451.53253173828125,174.3787841796875,1.0,485.21417236328125,175.18157958984375,0.9999999403953552,450.9529113769531,167.966064453125,1.0,398.474853515625,165.3744659423828,1.0,343.1073303222656,164.79515075683594,1.0,510.7830505371094,155.89950561523438,0.9999938011169434,513.7171020507812,152.59642028808594,0.999994695186615,512.4976806640625,146.23297119140625,0.9999586343765259,516.748046875,143.72047424316406,0.9999877214431763,519.8809204101562,149.2030792236328,0.9999641180038452,520.0533447265625,155.13282775878906,0.9995022416114807,517.1583862304688,158.51617431640625,0.8135658502578735,519.0858154296875,197.87832641601562,0.9999892711639404,524.9876098632812,203.87962341308594,0.9999844431877136,524.3276977539062,210.65847778320312,0.9994164705276489,528.8870239257812,211.0784912109375,0.9997552633285522,531.9555053710938,207.2666015625,0.9998993873596191,531.6348266601562,201.15476989746094,0.9936703443527222,525.4639892578125,198.68991088867188,0.9441237449645996,459.4315490722656,186.5956268310547,0.9999892711639404,452.5431213378906,194.21495056152344,0.9999996423721313,453.30462646484375,188.44830322265625,0.16979074478149414,460.56640625,193.2070770263672,0.9991742372512817,459.8764343261719,200.58580017089844,0.9999984502792358,454.2225646972656,205.79095458984375,0.9999681711196899,444.72308349609375,199.99314880371094,0.9997231960296631,443.4374694824219,146.44839477539062,0.9999863505363464,414.51153564453125,136.2721710205078,0.9998636245727539,433.7004089355469,146.8198699951172,0.0027701258659362793,440.6055603027344,144.72634887695312,0.006619542837142944,422.123779296875,133.46170043945312,0.4958852529525757,408.8723449707031,129.1035919189453,0.9965358972549438,404.482177734375,134.69508361816406,0.9972866773605347
67,580.69921875,181.7855987548828,1.0,524.8397827148438,180.44290161132812,0.9999998807907104,527.6666870117188,189.49977111816406,0.9999985694885254,521.468017578125,170.9697723388672,0.9999990463256836,457.143798828125,163.58538818359375,0.9999998807907104,456.3696594238281,175.38613891601562,0.9999997615814209,491.0630798339844,176.56207275390625,0.9999998807907104,457.1166687011719,169.52700805664062,0.9999998807907104,400.62213134765625,164.10923767089844,1.0,345.7989196777344,164.69969177246094,1.0,513.3534545898438,157.59849548339844,0.9999938011169434,513.2431030273438,153.5166015625,0.999995231628418,511.598876953125,146.89193725585938,0.9999626874923706,516.3755493164062,144.07708740234375,0.9999910593032837,519.4934692382812,149.36717224121094,0.9999553561210632,520.0848388671875,156.80728149414062,0.9993847012519836,517.2645263671875,159.11166381835938,0.814955472946167,530.6122436523438,199.35751342773438,0.9999943971633911,542.447998046875,207.9878387451172,0.9999964237213135,542.7952270507812,213.4785919189453,0.9999927282333374,547.486572265625,213.88719177246094,0.9999995231628418,551.4183959960938,209.97853088378906,0.9999985694885254,549.13671875,204.72854614257812,0.9996858835220337,543.4745483398438,201.417724609375,0.9947331547737122,460.0248107910156,191.53897094726562,0.9999951124191284,451.39599609375,194.59176635742188,0.9999989867210388,453.5401611328125,190.05111694335938,0.007746219635009766,460.5633544921875,195.02691650390625,0.7955573201179504,458.69512939453125,202.2771759033203,0.9999022483825684,451.7098693847656,206.02560424804688,0.9999659061431885,442.0931396484375,198.360595703125,0.9998879432678223,452.850830078125,146.82142639160156,0.9999884366989136,432.001220703125,140.50784301757812,0.9999459981918335,534.599365234375,211.05406188964844,0.03813013434410095,545.4000854492188,216.65289306640625,0.04587054252624512,436.3371276855469,137.5742645263672,0.013061702251434326,428.3572082519531,132.9244384765625,0.7823558449745178,422.2792053222656,139.98959350585938,0.9873619675636292
68,585.785888671875,181.47276306152344,1.0,528.4252319335938,179.91494750976562,0.9999998807907104,532.4979248046875,189.3303680419922,0.9999991655349731,524.0741577148438,170.4677276611328,0.9999992847442627,463.5252380371094,165.4685821533203,0.9999998807907104,461.39862060546875,177.1986846923828,0.999998927116394,495.3099670410156,178.8789825439453,0.9999998807907104,463.86785888671875,171.0595245361328,0.9999999403953552,408.82470703125,164.24559020996094,1.0,349.9386901855469,165.70108032226562,1.0,515.2826538085938,157.6417694091797,0.9999898076057434,513.9758911132812,153.54244995117188,0.999997615814209,511.2048645019531,147.6383056640625,0.9999496936798096,516.1343994140625,143.71588134765625,0.9999911785125732,519.4264526367188,148.21011352539062,0.9999088048934937,520.3152465820312,154.0918731689453,0.9989061951637268,519.0454711914062,156.73641967773438,0.9118267297744751,537.1290893554688,199.68701171875,0.9999542832374573,553.0109252929688,206.66473388671875,0.9999973773956299,553.321533203125,214.30050659179688,0.9999841451644897,558.8419799804688,213.3691864013672,0.9999980926513672,561.720458984375,209.60037231445312,0.999999463558197,559.2478637695312,204.29315185546875,0.9999719858169556,553.0963745117188,200.30923461914062,0.9991960525512695,460.7567138671875,191.16697692871094,0.999992311000824,450.37615966796875,193.34173583984375,0.9999778270721436,451.5337219238281,190.4379119873047,0.0020458996295928955,463.2679138183594,194.83770751953125,0.1862451732158661,457.8727722167969,201.782470703125,0.9991887807846069,450.4134521484375,204.5394744873047,0.9998922348022461,440.38690185546875,197.89382934570312,0.9993401765823364,466.4376220703125,151.90402221679688,0.9999916553497314,453.92462158203125,141.86422729492188,0.9999961853027344,456.4808654785156,147.0963897705078,0.4241838753223419,460.0423278808594,141.7501983642578,0.47842371463775635,459.0003967285156,135.96505737304688,0.7081573009490967,450.8813781738281,134.60728454589844,0.9937253594398499,446.3523254394531,139.90606689453125,0.9975672960281372
69,588.3595581054688,181.83070373535156,1.0,533.5750732421875,179.9346160888672,0.9999998807907104,537.503662109375,188.80392456054688,0.9999745488166809,529.8211059570312,170.95944213867188,0.9999997615814209,469.8743591308594,165.91444396972656,0.9999998807907104,462.7131652832031,180.04283142089844,0.9999991655349731,500.113525390625,180.29885864257812,1.0,467.15020751953125,172.61463928222656,0.9999999403953552,417.77093505859375,161.0979766845703,0.9999998807907104,352.96832275390625,166.08050537109375,1.0,519.3161010742188,158.52354431152344,0.9999580979347229,514.1660766601562,152.99160766601562,0.9999915957450867,510.9084167480469,145.96559143066406,0.9998593330383301,514.9629516601562,144.83782958984375,0.9999460577964783,519.300048828125,148.754150390625,0.9996504783630371,520.1358032226562,153.7013397216797,0.9933904409408569,516.3113403320312,159.3697509765625,0.7915120720863342,541.1563110351562,200.4646759033203,0.9998025894165039,557.7054443359375,208.24874877929688,0.999998927116394,557.5521240234375,215.51614379882812,0.9999853372573853,563.4309692382812,215.66004943847656,0.9999994039535522,567.4918823242188,211.29486083984375,0.9999996423721313,564.7771606445312,205.79266357421875,0.9999871850013733,558.3038940429688,200.96661376953125,0.9998346567153931,463.0893859863281,191.9386749267578,0.9999969005584717,449.18182373046875,193.9741973876953,0.9999513626098633,442.3310546875,189.6884307861328,0.0011290311813354492,457.3859558105469,194.6290740966797,0.004830986261367798,455.74261474609375,202.70648193359375,0.9957831501960754,448.3171081542969,203.23001098632812,0.9982771873474121,441.5653991699219,197.6754913330078,0.9961055517196655,480.34857177734375,156.676025390625,0.9999955892562866,476.32440185546875,144.66783142089844,0.9999974966049194,481.28070068359375,151.39418029785156,0.7735817432403564,484.6517028808594,147.076171875,0.9382479190826416,482.65924072265625,140.28660583496094,0.9715996980667114,477.1591796875,136.9347686767578,0.9945715665817261,470.6036071777344,139.37216186523438,0.9994933605194092
70,592.5358276367188,182.97213745117188,1.0,541.9882202148438,180.38101196289062,0.9999998807907104,542.1714477539062,188.87222290039062,0.9999901056289673,536.7623901367188,170.9585723876953,0.9999997615814209,479.8341064453125,165.9015655517578,0.9999980926513672,471.8376770019531,180.4169158935547,0.9999910593032837,508.52496337890625,181.6625518798828,1.0,475.4665832519531,173.2366943359375,0.9999985694885254,426.52044677734375,159.8673095703125,0.9999858736991882,355.3274841308594,165.7624969482422,0.9999995827674866,524.7691040039062,160.25563049316406,0.9999916553497314,515.1624755859375,152.6515655517578,0.9998975992202759,513.36865234375,148.7208709716797,0.9813984632492065,516.580322265625,147.2823486328125,0.9744208455085754,518.1286010742188,149.59564208984375,0.9652472734451294,520.5498046875,155.7958984375,0.8994491100311279,516.0363159179688,162.1944580078125,0.6198654770851135,544.6947021484375,202.04095458984375,0.9999862313270569,558.076171875,208.6282958984375,0.9999986290931702,557.229248046875,215.53897094726562,0.9999805688858032,562.950439453125,216.9454803466797,0.9999978542327881,567.6065063476562,211.9630889892578,0.9999994039535522,565.149658203125,206.49009704589844,0.9999435544013977,558.5523071289062,202.47621154785156,0.9988688826560974,465.4984130859375,194.27987670898438,0.9999991655349731,448.0075378417969,193.15884399414062,0.9999598264694214,439.666015625,188.82626342773438,0.0036337971687316895,454.3887023925781,195.929931640625,0.0010943710803985596,451.587890625,202.99786376953125,0.9589035511016846,444.9309387207031,203.17352294921875,0.9760165214538574,443.045166015625,197.8714141845703,0.9162845611572266,493.2476501464844,161.7037811279297,0.9998257160186768,497.2575378417969,148.33108520507812,0.999997615814209,500.5960388183594,153.67013549804688,0.9989989995956421,503.51885986328125,150.3309783935547,0.9998931884765625,504.3331604003906,145.41812133789062,0.9996992349624634,500.131591796875,141.96340942382812,0.9998210668563843,491.715087890625,142.85215759277344,0.9996020793914795
71,598.4136962890625,184.3532257080078,0.9999998807907104,546.5436401367188,180.1169891357422,0.9999999403953552,547.827392578125,188.77491760253906,0.9999980926513672,542.7074584960938,169.126953125,0.9999980926513672,486.98309326171875,164.61312866210938,0.999980092048645,477.3764953613281,177.89077758789062,0.9999609589576721,514.8753051757812,181.2519073486328,1.0,481.252197265625,171.310546875,0.9999923706054688,435.9087219238281,157.13125610351562,0.9999820590019226,356.7769775390625,165.4055633544922,0.9922794103622437,529.4343872070312,160.50057983398438,0.9999286532402039,520.0509643554688,154.05552673339844,0.9963809847831726,517.2603759765625,150.65841674804688,0.9648461937904358,521.8511962890625,146.88360595703125,0.9639664888381958,525.8561401367188,151.96734619140625,0.9013991355895996,524.9573974609375,159.09815979003906,0.9438043236732483,519.9146118164062,161.81912231445312,0.9700360298156738,547.4413452148438,201.26231384277344,0.9999943971633911,557.5189208984375,208.03555297851562,0.9999989867210388,556.81201171875,214.7051544189453,0.9999927282333374,561.6483154296875,215.19654846191406,0.9999989867210388,565.8550415039062,211.3920440673828,0.9999996423721313,563.6688842773438,205.41830444335938,0.9999275207519531,558.09912109375,202.66383361816406,0.9877328276634216,467.6502990722656,192.3091583251953,0.9999992847442627,450.35223388671875,194.6873016357422,0.999998927116394,443.7678527832031,186.0744171142578,0.047156304121017456,455.9620361328125,194.5926971435547,0.0012362897396087646,456.4671936035156,202.25631713867188,0.9811365604400635,449.78155517578125,203.85903930664062,0.9979598522186279,442.67388916015625,197.14869689941406,0.9983837604522705,500.9984130859375,161.0092010498047,0.9987077713012695,507.8616943359375,148.20887756347656,0.9999829530715942,509.0533447265625,154.71939086914062,0.9956450462341309,513.2876586914062,152.25704956054688,0.9994431734085083,516.0166015625,144.46408081054688,0.9998196363449097,511.5205383300781,141.1698455810547,0.9994909167289734,502.48095703125,140.7569122314453,0.9996352195739746
72,607.759521484375,186.08078002929688,0.9999995231628418,558.806640625,178.6909942626953,0.9999992847442627,556.47265625,187.855224609375,0.9999618530273438,556.2616577148438,168.99221801757812,0.9999850392341614,493.3864440917969,164.12667846679688,0.9999902844429016,484.2897033691406,177.2284698486328,0.9999939203262329,524.620361328125,179.5624237060547,1.0,488.2780456542969,169.7510528564453,0.9999970197677612,441.295654296875,159.00491333007812,0.999995768070221,351.601806640625,164.4064178466797,0.9499833583831787,541.160888671875,160.75424194335938,0.9996840953826904,525.4630737304688,152.68743896484375,0.8893154859542847,523.7775268554688,148.610107421875,0.06622156500816345,528.7239379882812,146.7742156982422,0.583678662776947,531.5772705078125,150.58387756347656,0.45433250069618225,530.1407470703125,158.2548065185547,0.2254784107208252,527.981201171875,161.10992431640625,0.5650562644004822,551.1671142578125,198.976318359375,0.9999565482139587,557.4226684570312,206.54095458984375,0.9999945163726807,557.0211181640625,213.91685485839844,0.9999744892120361,560.9771728515625,213.48411560058594,0.9999967813491821,565.8077392578125,210.23265075683594,0.9999972581863403,564.2714233398438,204.11392211914062,0.9984244108200073,558.599853515625,199.98048400878906,0.6611069440841675,469.08197021484375,191.82504272460938,0.9999969005584717,450.9823303222656,195.56265258789062,0.9999995231628418,444.8644714355469,187.80091857910156,0.44421395659446716,459.09173583984375,193.02703857421875,0.0023065507411956787,458.6227111816406,204.78036499023438,0.9331669211387634,452.50152587890625,205.09442138671875,0.9942319393157959,442.8189697265625,198.68374633789062,0.9980031251907349,508.3128967285156,160.77427673339844,0.9976601004600525,512.27490234375,147.34072875976562,0.9999967813491821,514.1207885742188,152.4053192138672,0.9886242151260376,519.0477294921875,151.40013122558594,0.9998531341552734,521.4925537109375,144.4752960205078,0.999944806098938,515.564208984375,139.61863708496094,0.9999728202819824,505.5701599121094,140.04183959960938,0.9998067617416382
73,616.9232788085938,184.59320068359375,0.9999992847442627,568.5742797851562,178.10523986816406,0.9999997615814209,566.0305786132812,187.56004333496094,0.9999986886978149,566.55712890625,169.2013397216797,0.9999969005584717,499.0671081542969,165.0661163330078,0.9999983906745911,491.334228515625,177.78543090820312,0.999991238117218,532.0691528320312,178.33316040039062,1.0,496.3797302246094,171.03811645507812,0.9999992847442627,449.02655029296875,160.45729064941406,0.9999948740005493,395.94049072265625,165.93202209472656,0.9999257922172546,551.2969970703125,157.9160614013672,0.9964468479156494,536.0535278320312,150.5423126220703,0.7493962645530701,533.8626098632812,149.6185760498047,0.14251112937927246,533.524169921875,145.14939880371094,0.08947816491127014,536.3856201171875,147.62840270996094,0.05111786723136902,541.4705200195312,156.11146545410156,0.014580786228179932,537.8856201171875,162.5374298095703,0.11278688907623291,557.959228515625,195.5089111328125,0.9999619722366333,557.9063110351562,206.8715362548828,0.9999910593032837,558.0105590820312,214.34030151367188,0.9999668598175049,562.6602783203125,213.78306579589844,0.9999979734420776,565.9121704101562,211.012939453125,0.9999966025352478,565.05810546875,205.434326171875,0.99097740650177,559.2416381835938,200.07139587402344,0.06408599019050598,474.9695739746094,189.3816680908203,0.9999970197677612,456.2915954589844,194.84359741210938,0.9999995231628418,448.77154541015625,190.01255798339844,0.4440189301967621,462.0226135253906,196.33111572265625,0.01657232642173767,461.01324462890625,204.2820281982422,0.987820565700531,454.90838623046875,205.86721801757812,0.9989523887634277,447.4234313964844,198.41661071777344,0.9986531734466553,513.5655517578125,159.31222534179688,0.9999585151672363,514.5613403320312,143.59713745117188,0.9999957084655762,516.8031616210938,151.45628356933594,0.9429943561553955,520.8109741210938,149.0861358642578,0.9991971254348755,524.1161499023438,141.7320098876953,0.9994723796844482,516.48193359375,135.75527954101562,0.9998704195022583,506.3566589355469,138.21490478515625,0.9998633861541748
74,625.3200073242188,185.77883911132812,1.0,572.6650390625,179.51144409179688,0.9999997615814209,570.5072631835938,188.3437042236328,0.9999947547912598,573.4155883789062,170.8571319580078,0.9999980926513672,506.4446105957031,166.64822387695312,0.9999996423721313,501.55072021484375,180.89288330078125,0.9999998807907104,540.71630859375,176.46937561035156,0.9999998807907104,504.5871887207031,173.78945922851562,0.9999997615814209,458.86468505859375,165.7817840576172,1.0,405.8880920410156,166.48333740234375,1.0,567.1526489257812,157.82862854003906,0.9999979734420776,564.7988891601562,149.38458251953125,0.9999945163726807,560.7412719726562,145.96885681152344,0.9959890842437744,562.8017578125,144.1212158203125,0.9823508262634277,567.5308227539062,146.1041259765625,0.9850627183914185,569.4453125,150.63760375976562,0.8969552516937256,565.8072509765625,155.25234985351562,0.800826907157898,563.9186401367188,195.2921600341797,0.9999927282333374,557.0150756835938,207.99356079101562,0.9999924898147583,555.9542236328125,214.9886474609375,0.9998578429222107,562.1505737304688,214.83892822265625,0.9999924898147583,565.1876831054688,211.95489501953125,0.9999970197677612,564.980712890625,206.39170837402344,0.9910299777984619,557.4201049804688,200.2239990234375,0.35208213329315186,486.9809875488281,193.28265380859375,0.9999966621398926,464.0672302246094,197.53973388671875,0.9999858140945435,452.5113830566406,191.245361328125,0.010847985744476318,463.2265930175781,192.43099975585938,0.0004976391792297363,453.9816589355469,205.0836181640625,0.059158921241760254,455.90087890625,204.2319793701172,0.9484261870384216,455.8498840332031,196.27996826171875,0.9695565104484558,519.1612548828125,156.4500274658203,0.9999979734420776,510.8377685546875,143.42543029785156,0.9999901056289673,514.87890625,150.6426544189453,0.31159746646881104,518.996826171875,146.3998565673828,0.998249888420105,520.2056884765625,138.16844177246094,0.9998952150344849,512.6907348632812,134.02357482910156,0.9999773502349854,503.2349853515625,136.2947540283203,0.9999741315841675
75,635.4999389648438,186.6981201171875,0.9999998807907104,581.5859375,183.50137329101562,0.9999998807907104,578.0944213867188,192.55661010742188,0.999998927116394,585.0513916015625,175.95912170410156,0.9999997615814209,512.4403076171875,166.31166076660156,0.9999997019767761,512.0814208984375,182.21499633789062,0.9999998807907104,548.8358154296875,176.2050018310547,1.0,512.3004150390625,174.96511840820312,1.0,461.501220703125,170.10830688476562,1.0,409.5345153808594,163.5557098388672,1.0,585.2392578125,165.36474609375,0.9999818801879883,595.1882934570312,161.5525360107422,0.9999936819076538,592.8817138671875,155.8614959716797,0.9983974695205688,598.2188110351562,154.4629364013672,0.9946303367614746,600.1280517578125,158.311767578125,0.9900870323181152,599.7058715820312,163.23129272460938,0.9879775047302246,597.5075073242188,166.74029541015625,0.9507921934127808,568.8167114257812,198.41790771484375,0.9999963045120239,559.1251831054688,208.81915283203125,0.9999943971633911,556.49609375,215.41378784179688,0.9994269609451294,563.21484375,215.88819885253906,0.9999884366989136,565.5244140625,211.70294189453125,0.9999886751174927,565.971435546875,206.5397186279297,0.9740442037582397,558.9567260742188,202.0765838623047,0.6919587850570679,512.21337890625,197.9033966064453,0.9999953508377075,489.7660217285156,205.25802612304688,0.9989188313484192,487.2181091308594,197.37942504882812,0.008347928524017334,550.0784912109375,208.95169067382812,0.0026238560676574707,551.4826049804688,210.29710388183594,0.004207313060760498,458.9639587402344,203.66929626464844,0.005973458290100098,463.16107177734375,192.8021240234375,0.21428567171096802,519.6800537109375,152.8228759765625,0.9999955892562866,510.6458740234375,143.66024780273438,0.9999953508377075,514.3322143554688,151.3392333984375,0.03834325075149536,519.360107421875,145.65147399902344,0.9775264263153076,520.1101684570312,138.7003936767578,0.9994206428527832,512.289794921875,134.32469177246094,0.9999669790267944,502.78662109375,137.22982788085938,0.9999764561653137
76,645.1473999023438,191.1654815673828,0.9999997615814209,592.8814697265625,188.8087921142578,0.9999992847442627,588.35009765625,196.52345275878906,0.9999998807907104,596.7128295898438,180.84495544433594,1.0,522.64306640625,169.9542999267578,0.9999988079071045,525.1588134765625,185.1464080810547,0.9999986290931702,557.7254638671875,180.4674835205078,0.9999999403953552,524.0086059570312,178.1016845703125,0.9999998807907104,477.5547180175781,178.0576171875,1.0,434.59259033203125,166.19503784179688,0.9999998807907104,604.21484375,171.6735076904297,0.9999983310699463,618.6704711914062,166.3843231201172,0.999997615814209,619.2861328125,158.6414337158203,0.9999266862869263,626.3251953125,160.3579559326172,0.9999018907546997,627.8771362304688,167.21376037597656,0.999992311000824,624.8134155273438,169.6831817626953,0.9999216794967651,619.5519409179688,172.9118194580078,0.9949702024459839,577.5567016601562,202.76089477539062,0.999993085861206,564.4463500976562,209.994873046875,0.9999978542327881,562.3787841796875,215.0236053466797,0.9994080066680908,568.3486938476562,215.3254852294922,0.9935332536697388,569.3373413085938,213.20005798339844,0.9858921766281128,570.0289916992188,208.47967529296875,0.47304025292396545,563.0999755859375,203.7938995361328,0.989580512046814,532.8151245117188,199.9525146484375,0.9999998807907104,522.2642822265625,211.4697265625,0.9999921321868896,546.7623291015625,207.06594848632812,0.05922889709472656,545.25146484375,208.29087829589844,0.6514074206352234,548.12255859375,210.56959533691406,0.772231936454773,531.855712890625,218.39732360839844,0.9609551429748535,524.353271484375,218.77743530273438,0.9957765936851501,522.9607543945312,152.77879333496094,0.9999744892120361,510.7369384765625,145.18125915527344,0.9999988079071045,512.3709716796875,152.68138122558594,0.11743253469467163,519.9215087890625,147.1834716796875,0.855279803276062,520.92431640625,140.1199951171875,0.9984756112098694,513.2691650390625,134.8504638671875,0.9999408721923828,502.6663818359375,139.02964782714844,0.9999617338180542
77,656.15771484375,196.51109313964844,1.0,604.1495361328125,193.79185485839844,0.9999998807907104,598.1038208007812,202.01185607910156,0.999998927116394,608.0327758789062,185.6627655029297,0.9999996423721313,531.0808715820312,177.60482788085938,0.9999995231628418,536.545166015625,189.89854431152344,0.9999990463256836,568.4623413085938,183.4287109375,0.9999985694885254,533.7377319335938,183.46395874023438,0.9999998807907104,485.84185791015625,183.17828369140625,0.9999999403953552,436.0084533691406,167.37269592285156,0.9999998807907104,620.4351196289062,174.65650939941406,0.9999986886978149,635.7290649414062,169.8138885498047,0.9999987483024597,635.7418212890625,161.92752075195312,0.9999997615814209,642.912109375,163.69168090820312,0.9999998807907104,644.8404541015625,170.61671447753906,1.0,641.5517578125,175.83119201660156,0.9999989867210388,636.4473876953125,177.84381103515625,0.9999921321868896,587.0465087890625,208.17129516601562,0.9994043707847595,573.0531005859375,211.5935516357422,0.996889054775238,570.0488891601562,215.96165466308594,0.9542580246925354,576.022216796875,215.885009765625,0.6282255053520203,577.2403564453125,213.78759765625,0.03382238745689392,576.72900390625,212.5414581298828,0.005816787481307983,570.0939331054688,209.054931640625,0.17561060190200806,549.1920166015625,199.6854248046875,0.9999998807907104,550.008544921875,214.29537963867188,0.999999463558197,551.7789916992188,207.70497131347656,0.9984328746795654,557.8331298828125,210.5792236328125,0.999985933303833,559.6834716796875,216.34901428222656,0.9999957084655762,558.05517578125,222.79718017578125,0.9999114274978638,543.6451416015625,222.11244201660156,0.9999908804893494,524.8635864257812,158.0092315673828,0.9999781250953674,511.3153381347656,148.63230895996094,0.9999994039535522,513.9251098632812,155.31558227539062,0.6596272587776184,520.8515625,148.208984375,0.9966845512390137,520.624755859375,141.58213806152344,0.9999407529830933,514.0471801757812,136.95339965820312,0.999963641166687,501.9183044433594,141.24388122558594,0.9999449849128723
78,662.8635864257812,204.06881713867188,1.0,610.5706787109375,200.1006317138672,1.0,604.54541015625,208.4413604736328,0.999998927116394,614.2908325195312,191.75872802734375,0.9999998807907104,540.1660766601562,182.14784240722656,0.9999998807907104,543.9609375,195.51637268066406,0.9999992847442627,575.863525390625,189.48135375976562,0.9999998807907104,541.7487182617188,187.85328674316406,1.0,492.13104248046875,187.3829345703125,0.9999998807907104,443.3918762207031,167.4563446044922,0.9999969005584717,622.7930297851562,176.85073852539062,0.9999997019767761,636.1310424804688,172.0176239013672,0.9999979734420776,635.8568725585938,163.21424865722656,0.9999997615814209,643.6227416992188,163.6436309814453,0.9999998807907104,645.9676513671875,171.86209106445312,0.9999998807907104,643.2623901367188,176.97445678710938,0.9999987483024597,637.085205078125,178.84091186523438,0.9999820590019226,594.4354248046875,214.115478515625,0.9990230798721313,584.6848754882812,215.90882873535156,0.9790433049201965,580.7291259765625,218.92654418945312,0.263796865940094,589.4890747070312,219.08619689941406,0.06409674882888794,511.9342346191406,142.50103759765625,0.007973313331604004,589.2091064453125,216.17324829101562,0.003592848777770996,585.9916381835938,211.63909912109375,0.029668301343917847,555.1929321289062,205.37294006347656,0.9999986886978149,550.3165283203125,218.51390075683594,0.9999994039535522,551.7099609375,212.72195434570312,0.2114354968070984,558.26123046875,213.39239501953125,0.999324381351471,560.4228515625,220.0741729736328,0.9999094009399414,558.8556518554688,227.08651733398438,0.9999886751174927,547.2371215820312,227.2162322998047,0.999998927116394,531.5454711914062,163.37278747558594,0.9999977350234985,516.4354858398438,150.77294921875,1.0,517.9286499023438,156.36666870117188,0.6829624176025391,524.7963256835938,150.2252960205078,0.995847225189209,523.86083984375,143.52142333984375,0.9994361400604248,516.443115234375,139.94361877441406,0.9999657273292542,506.1467590332031,144.96478271484375,0.9999706745147705
79,668.9266357421875,209.09957885742188,1.0,614.4391479492188,206.10508728027344,0.9999997615814209,610.1597290039062,213.4937744140625,0.9999996423721313,619.0433349609375,197.587646484375,0.9999998807907104,546.9767456054688,186.55340576171875,0.9999998211860657,548.245849609375,199.0132293701172,0.9999998807907104,582.674072265625,197.00390625,1.0,547.6439208984375,192.9254150390625,1.0,501.8082275390625,185.86856079101562,1.0,450.41412353515625,168.0155792236328,0.9999988079071045,622.5328369140625,182.21194458007812,0.9999997615814209,634.849365234375,174.6152801513672,0.999995231628418,633.5968627929688,165.15309143066406,0.9999977350234985,640.2459106445312,163.25282287597656,0.9999995827674866,644.5692138671875,170.7693328857422,0.9999996423721313,643.5750122070312,178.27777099609375,0.9999991655349731,638.057861328125,181.71380615234375,0.9999598264694214,597.87939453125,220.2677764892578,0.9995601177215576,590.3681640625,219.84628295898438,0.9970830678939819,587.4763793945312,223.1084442138672,0.8973345160484314,593.9984130859375,224.15176391601562,0.27296125888824463,596.7981567382812,222.67515563964844,0.055047959089279175,593.8231201171875,219.75048828125,0.011238008737564087,590.06201171875,215.59713745117188,0.5364697575569153,549.0459594726562,216.3804931640625,1.0,529.5374145507812,223.2767791748047,0.9999829530715942,628.4432373046875,172.9649658203125,0.0004919469356536865,563.3818359375,216.42425537109375,0.06274259090423584,564.5440063476562,216.18922424316406,0.5946350693702698,538.8797607421875,231.0644989013672,0.7453814148902893,523.5965576171875,227.84141540527344,0.6854299306869507,540.9558715820312,168.96250915527344,0.9999895691871643,521.8203125,155.10401916503906,0.9999990463256836,525.1973266601562,160.03639221191406,0.8436439633369446,530.9089965820312,153.92259216308594,0.999502420425415,527.802001953125,147.60867309570312,0.99997878074646,520.4859619140625,144.13150024414062,0.9999972581863403,511.3515930175781,148.28179931640625,0.9999982714653015
80,674.130615234375,211.58926391601562,1.0,618.596435546875,208.8217315673828,0.9999997615814209,614.9564208984375,217.30014038085938,0.9999994039535522,621.6196899414062,199.9347686767578,0.9999999403953552,551.900390625,189.93719482421875,0.9999999403953552,548.3705444335938,203.28761291503906,0.9999998807907104,585.8108520507812,201.86029052734375,0.9999998807907104,550.922119140625,197.31655883789062,1.0,503.1967468261719,180.1725616455078,1.0,452.35394287109375,169.803955078125,0.9999995231628418,623.0305786132812,183.65432739257812,0.9999987483024597,635.7208862304688,175.645751953125,0.9999905824661255,634.0476684570312,166.22689819335938,0.9999944567680359,639.6674194335938,163.20310974121094,0.9999990463256836,644.7807006835938,170.1250457763672,0.9999983310699463,644.5155029296875,178.35659790039062,0.9999977350234985,639.527099609375,182.2214813232422,0.9999068975448608,604.2351684570312,224.2598876953125,0.9999966621398926,592.9991455078125,230.2518310546875,0.9999821782112122,589.3756103515625,234.71707153320312,0.9478618502616882,595.0480346679688,238.3380584716797,0.5361989736557007,598.0068969726562,235.16941833496094,0.5036559700965881,599.1882934570312,229.14202880859375,0.07116609811782837,593.1232299804688,226.8387451171875,0.9699018001556396,546.1075439453125,220.38116455078125,0.9999990463256836,523.3720092773438,223.04486083984375,0.9991134405136108,628.7020874023438,173.81307983398438,0.0013453662395477295,639.0556640625,162.85630798339844,0.00534820556640625,579.0579223632812,227.68035888671875,0.02419021725654602,524.1967163085938,230.54257202148438,0.08173373341560364,518.425048828125,222.80880737304688,0.2478944957256317,549.0620727539062,172.0850067138672,0.9999879002571106,529.3943481445312,158.6973114013672,0.9999973773956299,532.7778930664062,162.9822235107422,0.9529714584350586,535.4478759765625,156.43128967285156,0.9997659921646118,533.1060791015625,151.91773986816406,0.9999938011169434,526.8399047851562,150.3201141357422,0.9999970197677612,519.6571655273438,155.66067504882812,0.9999979734420776
81,680.7101440429688,213.73794555664062,1.0,627.7901000976562,208.55824279785156,0.9999997615814209,627.0543823242188,218.7176055908203,0.9999995827674866,629.0668334960938,199.19932556152344,0.9999995827674866,560.5457763671875,190.6874542236328,0.9999997615814209,555.03271484375,203.7384490966797,0.9999994039535522,595.4046630859375,203.7913055419922,1.0,558.5948486328125,197.7739715576172,0.9999999403953552,514.1068115234375,179.566162109375,0.9999998807907104,461.1533508300781,170.65769958496094,0.9999991655349731,626.1425170898438,182.67543029785156,0.9999979734420776,636.436279296875,176.22308349609375,0.9999780058860779,634.4716186523438,166.93203735351562,0.9999687075614929,639.7112426757812,163.75588989257812,0.9999908208847046,644.501220703125,170.6600341796875,0.9999805688858032,644.499267578125,178.21217346191406,0.9999642372131348,640.0618896484375,181.82260131835938,0.9996486306190491,621.787841796875,225.7469940185547,0.9999023675918579,624.76123046875,237.39857482910156,0.9999095797538757,622.7570190429688,241.43995666503906,0.9705959558486938,626.4597778320312,242.90451049804688,0.9164802432060242,631.3853149414062,243.13226318359375,0.9856476187705994,631.1728515625,238.15802001953125,0.9947876930236816,627.0159301757812,229.59317016601562,0.42011481523513794,548.0348510742188,217.48452758789062,0.9999995827674866,526.1334228515625,223.6136474609375,0.9993203282356262,629.6038208007812,172.9905242919922,0.004597365856170654,638.795166015625,163.23074340820312,0.06468027830123901,646.064453125,161.93673706054688,0.1203610897064209,521.7889404296875,228.851806640625,0.5730702877044678,520.284912109375,218.72201538085938,0.7122085094451904,567.4583129882812,178.45620727539062,0.9999932050704956,553.7297973632812,167.5667724609375,0.9999990463256836,558.75244140625,173.54844665527344,0.6481632590293884,562.5491333007812,167.83163452148438,0.9892197847366333,562.5138549804688,160.94589233398438,0.9981522560119629,553.9150390625,158.66592407226562,0.9998577833175659,546.1640014648438,162.2090301513672,0.9999856948852539
82,688.7623291015625,214.51011657714844,1.0,638.0227661132812,208.8359832763672,0.9999998807907104,638.8256225585938,218.7447509765625,0.9999969601631165,637.9215087890625,200.21282958984375,0.9999997019767761,572.4267578125,191.0322265625,0.9999957084655762,562.704833984375,202.1634063720703,0.9999997615814209,605.6571044921875,204.71560668945312,0.9999999403953552,568.0428466796875,196.85926818847656,0.9999998211860657,524.0914916992188,179.52972412109375,0.9999998807907104,472.16497802734375,174.06605529785156,0.9999992847442627,630.4683837890625,186.1421356201172,0.999987006187439,637.7594604492188,175.75686645507812,0.9999736547470093,634.37109375,168.37078857421875,0.9999130368232727,639.8331909179688,164.64633178710938,0.9999743700027466,644.1708374023438,170.1140594482422,0.9999734163284302,644.616943359375,177.20611572265625,0.9999508857727051,641.2158203125,181.13417053222656,0.9986293315887451,640.51416015625,228.185302734375,0.9999127984046936,652.5516357421875,233.8841552734375,0.9999878406524658,655.5848999023438,238.30638122558594,0.997672438621521,657.5518188476562,238.13279724121094,0.9987990856170654,660.7674560546875,235.02320861816406,0.9999450445175171,658.525146484375,232.4757843017578,0.9962307214736938,652.54931640625,230.0325164794922,0.9250261783599854,553.0057983398438,217.01895141601562,0.9999983310699463,530.1912231445312,223.27899169921875,0.9999417066574097,524.1572265625,212.07034301757812,0.0029474496841430664,637.7061767578125,163.24893188476562,0.04807239770889282,544.292236328125,224.65621948242188,0.02463105320930481,527.70166015625,226.4047393798828,0.0778542160987854,523.2735595703125,222.5719451904297,0.425367534160614,583.7427978515625,182.40435791015625,0.9999866485595703,582.9696044921875,169.4527130126953,0.9999931454658508,584.9364013671875,175.0259246826172,0.5540392398834229,588.126708984375,169.9395294189453,0.9715304970741272,588.790771484375,163.2774200439453,0.9944511651992798,582.1257934570312,162.2161102294922,0.9950770139694214,573.7005615234375,161.99871826171875,0.9958113431930542
83,699.6475830078125,212.04965209960938,1.0,647.8173828125,207.16737365722656,0.9999992847442627,648.84521484375,216.93890380859375,0.9999976754188538,645.9052124023438,198.45806884765625,1.0,582.918212890625,188.4674835205078,0.9999978542327881,571.8556518554688,200.3886260986328,0.9999962449073792,615.30029296875,204.29762268066406,0.9999998807907104,576.3815307617188,195.59695434570312,0.9999997615814209,530.9799194335938,180.18775939941406,1.0,482.3656921386719,179.58645629882812,1.0,636.2929077148438,183.75733947753906,0.9999969005584717,636.0675659179688,175.11233520507812,0.9999984502792358,632.7892456054688,167.4268341064453,0.9999969005584717,639.800537109375,166.29827880859375,0.9999868869781494,642.7325439453125,170.8723602294922,0.9999909400939941,642.8356323242188,176.526123046875,0.9998502135276794,638.576904296875,178.2262420654297,0.9948325157165527,652.9595947265625,226.93572998046875,0.999963641166687,665.7501220703125,232.3624267578125,0.9999980330467224,667.3939819335938,238.2960662841797,0.9999892115592957,670.9508056640625,237.95896911621094,0.9999867677688599,674.2592163085938,233.95899963378906,0.9999989867210388,672.1576538085938,229.94570922851562,0.9999955296516418,666.0770874023438,227.17527770996094,0.9998161792755127,559.409423828125,217.02267456054688,0.9999987483024597,536.57373046875,222.35313415527344,0.9999164342880249,529.2354125976562,212.6802520751953,0.04868409037590027,637.3828735351562,163.77586364746094,0.0017279088497161865,545.2706298828125,225.161376953125,0.1207125186920166,534.1891479492188,229.54055786132812,0.13419589400291443,524.6474609375,221.93295288085938,0.40041953325271606,597.9086303710938,183.01718139648438,0.9999960660934448,600.2474975585938,169.52877807617188,0.9999996423721313,601.9678955078125,175.9182586669922,0.9974657297134399,607.8760375976562,172.20132446289062,0.9979606866836548,609.9034423828125,162.63841247558594,0.9996799826622009,604.2023315429688,158.25558471679688,0.9998114109039307,591.8134155273438,160.93141174316406,0.9999116659164429
84,704.8071899414062,208.3359832763672,1.0,653.01904296875,204.56788635253906,0.9999996423721313,654.0191040039062,214.1194305419922,0.9999958276748657,649.766357421875,195.79437255859375,1.0,591.9409790039062,188.03131103515625,0.9999865889549255,580.3304443359375,199.5077667236328,0.9999990463256836,622.48876953125,203.44265747070312,0.999999463558197,584.7820434570312,193.47915649414062,0.999998927116394,543.1026000976562,179.7394561767578,0.9999992251396179,492.10137939453125,176.6500244140625,0.9999998211860657,640.9440307617188,182.43344116210938,0.9999987483024597,635.5264282226562,174.01197814941406,0.999998927116394,632.7095336914062,166.16322326660156,0.9999960660934448,639.7245483398438,167.09890747070312,0.9999909400939941,642.0478515625,172.85906982421875,0.9999445676803589,639.5514526367188,175.8385467529297,0.9973633885383606,636.0343017578125,180.47952270507812,0.984866201877594,656.2442626953125,227.43124389648438,0.9999796748161316,667.4297485351562,232.07357788085938,0.9999991059303284,668.2337646484375,238.8607940673828,0.9999987483024597,673.5783081054688,238.399169921875,0.9999985694885254,676.5986328125,233.1646728515625,0.9999992847442627,674.4444580078125,228.990478515625,0.9999991059303284,669.0778198242188,226.97698974609375,0.9999154806137085,570.8946533203125,215.1650390625,0.9999972581863403,539.7825927734375,220.0921173095703,0.990398645401001,537.960205078125,213.88340759277344,0.009466022253036499,538.8572998046875,223.05340576171875,0.0013003945350646973,559.433837890625,223.14695739746094,0.11829215288162231,539.5424194335938,226.6207733154297,0.03404924273490906,528.5459594726562,218.16380310058594,0.02522987127304077,606.54541015625,182.6131591796875,0.9998801350593567,611.2604370117188,166.6970977783203,0.999998927116394,613.6945190429688,174.78953552246094,0.9989283084869385,617.4946899414062,171.94906616210938,0.9949066638946533,620.7312622070312,162.84307861328125,0.996027946472168,619.447998046875,156.3125457763672,0.9964960813522339,606.2349243164062,158.71072387695312,0.9998199939727783
85,713.092041015625,207.11717224121094,0.9999996423721313,660.3494262695312,202.2625274658203,0.9999998807907104,661.1547241210938,212.62356567382812,0.999999463558197,656.5250854492188,194.10287475585938,1.0,598.8710327148438,186.2020721435547,0.9999996423721313,588.2979736328125,200.185302734375,0.9999881982803345,628.3596801757812,202.09439086914062,0.9999998211860657,592.8948364257812,193.1546173095703,0.9999991655349731,552.2149047851562,177.40269470214844,0.9999994039535522,500.9892578125,173.17408752441406,0.9999971389770508,646.5912475585938,181.60960388183594,0.9999939203262329,637.5897216796875,175.14149475097656,0.9999949932098389,635.6406860351562,168.06797790527344,0.9999918937683105,641.34375,167.98988342285156,0.9999669790267944,643.5704345703125,172.4118194580078,0.999708890914917,642.4454345703125,176.25885009765625,0.9844583868980408,638.491943359375,181.62832641601562,0.9691869020462036,658.7210083007812,225.6391143798828,0.999964714050293,667.2426147460938,232.2316436767578,0.9999990463256836,666.5529174804688,238.73989868164062,0.9999960660934448,672.4064331054688,237.98020935058594,0.999997615814209,675.88671875,232.68382263183594,0.9999994039535522,674.0804443359375,228.1805877685547,0.999998927116394,668.4854736328125,225.803955078125,0.9990333318710327,576.6383056640625,213.39109802246094,0.9999995231628418,550.2623901367188,214.3921661376953,0.9999983310699463,544.619873046875,207.01856994628906,0.12759745121002197,559.4925537109375,213.90328979492188,0.007656008005142212,553.9819946289062,225.0355682373047,0.45038044452667236,547.7276611328125,224.31423950195312,0.45571908354759216,542.400634765625,213.70286560058594,0.14475157856941223,609.7794189453125,179.66648864746094,0.999994158744812,612.1463012695312,164.62225341796875,0.9999997615814209,614.5470581054688,171.2655487060547,0.9896450638771057,617.4417724609375,168.2895050048828,0.9959619641304016,620.4505615234375,161.06655883789062,0.9974007606506348,614.9946899414062,157.18991088867188,0.9992738962173462,605.1627807617188,159.7799072265625,0.9994723200798035
86,717.9010620117188,205.74598693847656,0.9999999403953552,664.0892944335938,200.95053100585938,0.9999992251396179,665.32763671875,210.99856567382812,0.9999988079071045,661.13623046875,191.913818359375,0.9999998807907104,602.9125366210938,184.31155395507812,0.9999995231628418,593.2923583984375,198.5911865234375,0.9999990463256836,633.3572387695312,200.77987670898438,0.9999998807907104,598.5438232421875,191.0946502685547,0.9999995231628418,558.2073974609375,176.25538635253906,0.9999956488609314,506.51031494140625,172.53236389160156,0.9999964237213135,649.1904296875,179.08604431152344,0.9999935626983643,637.8720092773438,174.4183349609375,0.9999773502349854,637.078857421875,167.7135467529297,0.9999887943267822,642.8621215820312,168.02606201171875,0.9999657273292542,644.6546020507812,171.87353515625,0.9991948008537292,644.056640625,177.89166259765625,0.9893676042556763,638.8739013671875,180.73345947265625,0.9972989559173584,662.4581909179688,223.66879272460938,0.9999972581863403,667.659912109375,230.84613037109375,0.999999463558197,667.1194458007812,238.62794494628906,0.9999967217445374,673.1881713867188,237.07823181152344,0.9999989867210388,676.5680541992188,231.9040069580078,0.9999992847442627,675.8114624023438,227.30291748046875,0.9999879002571106,668.1597290039062,225.33763122558594,0.9814940690994263,585.6576538085938,211.04640197753906,0.9999951124191284,562.0982666015625,211.4728546142578,0.9999963641166687,555.733642578125,205.10403442382812,0.041691213846206665,570.0828247070312,214.75,0.009104013442993164,565.5235595703125,221.00132751464844,0.9904552698135376,560.0271606445312,220.02093505859375,0.9794227480888367,556.727783203125,214.37765502929688,0.5897401571273804,613.3201904296875,177.8064422607422,0.9999986886978149,611.0695190429688,163.72532653808594,0.9999994039535522,615.8599243164062,170.73146057128906,0.8784557580947876,618.1729736328125,167.78958129882812,0.9788458943367004,616.9479370117188,160.06517028808594,0.989194393157959,614.2682495117188,156.91232299804688,0.9985219836235046,604.2848510742188,158.0170135498047,0.9992457628250122
87,721.2079467773438,205.89785766601562,1.0,671.061279296875,200.61984252929688,0.9999997615814209,670.688232421875,210.28567504882812,0.9999969005584717,667.9951171875,191.12887573242188,0.9999998807907104,606.5482177734375,184.34320068359375,0.9999993443489075,598.076904296875,197.6033172607422,0.9999997615814209,635.5712280273438,198.93026733398438,1.0,601.6707763671875,190.62686157226562,0.9999993443489075,561.4750366210938,175.98150634765625,0.9999994039535522,511.19873046875,172.38046264648438,0.9999995231628418,654.768798828125,178.7889862060547,0.9999914169311523,643.1486206054688,173.62103271484375,0.9999464750289917,640.374267578125,167.6763458251953,0.9999847412109375,645.0446166992188,168.7152099609375,0.9999468326568604,647.6539916992188,171.92738342285156,0.997704803943634,647.5669555664062,177.6796875,0.9584754705429077,642.4423217773438,179.9134063720703,0.9966985583305359,665.4395141601562,220.8046417236328,0.9999747276306152,667.1873779296875,229.87367248535156,0.9999991655349731,666.5342407226562,238.90896606445312,0.9999837875366211,672.8575439453125,237.27626037597656,0.9999969005584717,677.35009765625,232.43325805664062,0.9999988079071045,676.354736328125,227.2867431640625,0.9999550580978394,668.2288208007812,224.03497314453125,0.8737825155258179,594.7694091796875,210.6015625,0.9999995231628418,574.0225830078125,209.15269470214844,0.9999957084655762,664.9122924804688,228.051513671875,0.000941842794418335,582.9036254882812,211.5101318359375,0.0005518198013305664,575.673095703125,218.49014282226562,0.6629648804664612,572.4820556640625,214.1226043701172,0.6476633548736572,571.3848876953125,209.2880096435547,0.5419280529022217,614.8765258789062,176.0405731201172,0.9999959468841553,610.7867431640625,163.30857849121094,0.9999994039535522,616.9727783203125,170.11224365234375,0.8050575256347656,619.1585083007812,167.12672424316406,0.9930773377418518,618.3944702148438,159.348876953125,0.9956966638565063,614.515869140625,156.14520263671875,0.9993849992752075,604.9700317382812,157.10711669921875,0.9995909929275513
88,724.9720458984375,205.90318298339844,1.0,674.2286987304688,200.74620056152344,0.9999995231628418,674.27880859375,209.9738006591797,0.9999990463256836,671.2239990234375,191.6733856201172,0.9999997615814209,609.0709838867188,186.86312866210938,0.9999995827674866,604.9300537109375,199.3802032470703,0.9999953508377075,640.68701171875,200.5620574951172,0.9999998807907104,608.2290649414062,191.95143127441406,0.9999986886978149,562.9618530273438,176.4615478515625,0.9999999403953552,515.0428466796875,172.2512664794922,0.9999961853027344,658.3030395507812,179.4097442626953,0.9999799728393555,646.037353515625,172.5204620361328,0.9997836351394653,642.9119873046875,167.28842163085938,0.9999371767044067,647.716064453125,168.55238342285156,0.9993119239807129,650.4607543945312,172.1012420654297,0.8683489561080933,650.2962036132812,177.77862548828125,0.3459138870239258,643.9148559570312,179.19537353515625,0.9860642552375793,668.8711547851562,218.40736389160156,0.9998846054077148,667.5933837890625,229.2432403564453,0.9999985694885254,666.9048461914062,238.49798583984375,0.9999701976776123,672.801025390625,237.0936737060547,0.999995768070221,676.681396484375,232.7552032470703,0.9999983310699463,676.8076171875,227.53968811035156,0.9997721910476685,668.894287109375,221.38873291015625,0.731766939163208,603.7633666992188,213.57728576660156,0.9999973177909851,585.0634765625,216.433837890625,0.999982476234436,663.9654541015625,228.01673889160156,0.0003947615623474121,596.45751953125,218.15817260742188,0.0008158683776855469,593.3546752929688,223.4573211669922,0.778357744216919,590.7239990234375,225.79344177246094,0.9711952209472656,582.789306640625,221.1913299560547,0.8445851802825928,617.9855346679688,175.13719177246094,0.9999797344207764,609.9671630859375,162.9987030029297,0.9999997615814209,612.5028686523438,168.41371154785156,0.40118086338043213,615.404052734375,166.5231170654297,0.9783159494400024,618.01953125,159.04095458984375,0.9968497157096863,613.440185546875,155.53518676757812,0.9997165203094482,604.20458984375,157.79562377929688,0.9997398853302002
89,728.7648315429688,206.99609375,1.0,676.985595703125,201.84237670898438,0.9999998807907104,676.0421142578125,210.87367248535156,0.9999998807907104,673.822509765625,191.85861206054688,1.0,609.3558349609375,188.8433380126953,0.9999998807907104,607.4437866210938,202.00389099121094,0.9999991059303284,642.8777465820312,199.67225646972656,1.0,608.2430419921875,194.6964111328125,0.9999998807907104,563.704345703125,178.54739379882812,0.9999997615814209,521.2330322265625,174.69320678710938,0.9997661113739014,661.441162109375,179.7007293701172,0.999991774559021,650.6758422851562,171.61187744140625,0.9968631863594055,644.7034912109375,168.6023712158203,0.9747093915939331,648.4454956054688,168.4300537109375,0.9006201028823853,651.5279541015625,170.52719116210938,0.10079514980316162,652.636962890625,181.0003204345703,0.011757105588912964,646.7288818359375,181.78187561035156,0.38740256428718567,670.219970703125,218.44351196289062,0.9998993277549744,667.6478271484375,229.9089813232422,0.9999983310699463,666.9508666992188,238.89918518066406,0.9999842643737793,673.2263793945312,237.49766540527344,0.999995231628418,676.2650146484375,233.5128631591797,0.9999977946281433,676.9741821289062,228.65599060058594,0.9997153282165527,669.0253295898438,221.97714233398438,0.6633114218711853,609.8576049804688,216.27981567382812,0.999993085861206,594.5499877929688,222.21128845214844,0.9999901056289673,596.8338012695312,215.73312377929688,0.0007032454013824463,607.5558471679688,223.2583465576172,0.04068481922149658,605.715087890625,226.91326904296875,0.9943662285804749,601.5361328125,231.18923950195312,0.9966832995414734,592.9613037109375,228.3234100341797,0.9990078210830688,616.7886962890625,175.36497497558594,0.9999865293502808,609.47607421875,163.23648071289062,0.9999998807907104,610.5960083007812,168.36767578125,0.6473928093910217,616.70556640625,167.7575225830078,0.9552817344665527,619.1451416015625,160.3114776611328,0.9986857175827026,612.0573120117188,155.94546508789062,0.9998894929885864,603.245361328125,159.96202087402344,0.9997530579566956
90,731.8760375976562,206.90504455566406,1.0,678.8566284179688,201.6727294921875,1.0,677.5020141601562,211.59329223632812,0.9999999403953552,676.655029296875,193.103271484375,1.0,608.9915771484375,189.55404663085938,0.999998152256012,607.7952270507812,204.5585479736328,0.9999998211860657,643.1371459960938,199.96658325195312,1.0,609.2158203125,195.82278442382812,0.9999998807907104,564.7067260742188,183.47366333007812,0.9999961853027344,522.5922241210938,176.69293212890625,0.9999077320098877,668.8345947265625,180.47291564941406,0.9999985694885254,662.3651733398438,174.58645629882812,0.9881770610809326,655.5899658203125,173.68731689453125,0.6179521679878235,652.601806640625,168.908447265625,0.1456211507320404,660.6354370117188,170.24693298339844,0.007311642169952393,666.9539184570312,179.5584259033203,0.017471134662628174,663.6605834960938,183.53564453125,0.013716012239456177,670.7485961914062,220.47642517089844,0.9999439120292664,666.5339965820312,230.2803497314453,0.9999991655349731,666.9176025390625,238.22567749023438,0.9999777674674988,672.8697509765625,236.96044921875,0.99998539686203,675.56884765625,233.1258544921875,0.9999959468841553,675.7308959960938,228.92169189453125,0.9993758201599121,667.713134765625,224.4355926513672,0.7924630641937256,614.2592163085938,219.66102600097656,0.9994678497314453,608.0891723632812,229.16490173339844,0.9997953176498413,662.4598388671875,228.44247436523438,0.000533759593963623,615.8282470703125,226.3845672607422,0.003867417573928833,612.8446044921875,231.63856506347656,0.5956065654754639,611.9161376953125,230.9818572998047,0.8703866004943848,609.858642578125,233.61534118652344,0.9291868805885315,615.58837890625,176.44483947753906,0.9999936819076538,607.7302856445312,165.20138549804688,0.9999994039535522,609.8096923828125,170.3021697998047,0.780200719833374,615.2017211914062,168.46871948242188,0.9744043350219727,617.7359008789062,161.12416076660156,0.9997408390045166,610.1460571289062,157.09278869628906,0.9999492764472961,599.7164916992188,162.34478759765625,0.9998757839202881
91,733.2009887695312,206.57212829589844,1.0,677.9479370117188,206.08883666992188,0.9999998211860657,676.7994995117188,215.06895446777344,0.9999998807907104,679.0325927734375,197.10227966308594,1.0,610.1339111328125,192.11859130859375,0.9999992847442627,610.8536376953125,208.53207397460938,0.9999995231628418,645.0197143554688,201.96331787109375,0.9999998807907104,609.6875610351562,200.52978515625,0.9999998807907104,565.6456298828125,189.99063110351562,0.9999936819076538,523.5025024414062,180.0216064453125,0.9939689636230469,677.9680786132812,186.43280029296875,0.9999980330467224,685.5247802734375,181.14620971679688,0.9999887943267822,683.3203125,175.12551879882812,0.9915099143981934,688.7257690429688,175.2244415283203,0.9677281379699707,691.9190063476562,179.01531982421875,0.9871885180473328,690.5037231445312,183.4502410888672,0.9776555895805359,687.4180297851562,185.8335418701172,0.8661448359489441,671.2727661132812,224.39479064941406,0.9999293088912964,666.6119995117188,232.0646514892578,0.9999955892562866,665.8684692382812,238.27967834472656,0.9999946355819702,672.99169921875,238.3258056640625,0.9999959468841553,675.0763549804688,234.07765197753906,0.9999972581863403,675.3068237304688,229.81529235839844,0.9982856512069702,667.728271484375,225.98452758789062,0.8808507323265076,620.681884765625,221.38790893554688,0.9999822378158569,613.2243041992188,231.0628662109375,0.9999649524688721,616.6271362304688,225.49063110351562,0.002171427011489868,624.2944946289062,229.41836547851562,0.004824131727218628,620.1874389648438,234.32809448242188,0.05915534496307373,619.48779296875,233.968505859375,0.6718422770500183,614.0933837890625,234.29745483398438,0.9203134775161743,615.7348022460938,177.5321502685547,0.9999884963035583,606.544189453125,167.41058349609375,0.9999980926513672,609.7752685546875,172.20997619628906,0.7508634328842163,615.9332885742188,167.88792419433594,0.9987246990203857,615.4279174804688,161.1240997314453,0.9999571442604065,609.8518676757812,156.87823486328125,0.9999772310256958,596.905517578125,161.7291717529297,0.9998198747634888
92,734.4771118164062,208.95892333984375,1.0,680.0922241210938,207.51803588867188,0.9999996423721313,677.06689453125,216.72178649902344,0.9999998807907104,683.1312255859375,199.5904998779297,1.0,610.8345947265625,194.6263885498047,0.9999996423721313,614.6583862304688,210.5497589111328,0.9999996423721313,646.7630004882812,203.8194122314453,1.0,612.7006225585938,202.9078826904297,1.0,567.7420043945312,195.71287536621094,0.9999904632568359,524.6156616210938,181.66380310058594,0.9961545467376709,689.4378662109375,186.5511474609375,0.999999463558197,703.3563842773438,183.31893920898438,0.999995768070221,703.9842529296875,175.89111328125,0.9999896287918091,710.5569458007812,178.49404907226562,0.9999980926513672,711.9947509765625,184.93072509765625,0.9999983310699463,709.1603393554688,188.35060119628906,0.9999944567680359,702.6920776367188,190.61563110351562,0.9997707009315491,671.991455078125,224.04994201660156,0.9997912645339966,665.1964721679688,231.0341339111328,0.9999920129776001,665.828369140625,238.80067443847656,0.9999768137931824,672.6204223632812,239.007080078125,0.9999909400939941,674.353759765625,234.3247833251953,0.9999874830245972,674.5590209960938,229.14334106445312,0.9933907985687256,667.9069213867188,225.71054077148438,0.5167319774627686,623.8693237304688,221.70266723632812,0.9999977946281433,623.5574340820312,233.2178192138672,0.999991774559021,629.9950561523438,228.84963989257812,0.049372196197509766,631.156005859375,233.0484619140625,0.9683842658996582,630.048828125,236.99819946289062,0.9941952228546143,628.2222290039062,242.7881317138672,0.9999181628227234,622.5933227539062,241.03187561035156,0.9999128580093384,615.6849975585938,178.11581420898438,0.9999479055404663,606.3075561523438,168.42926025390625,0.9999963045120239,609.8382568359375,173.1684112548828,0.7004441022872925,616.1498413085938,169.0845489501953,0.9956498146057129,616.1219482421875,162.07843017578125,0.9999450445175171,609.900146484375,156.8701171875,0.9999297857284546,595.9329833984375,160.96424865722656,0.9998530149459839
93,736.8717651367188,211.54214477539062,1.0,682.6925048828125,208.9393310546875,0.9999996423721313,677.8470458984375,217.86715698242188,0.9999998211860657,685.3414916992188,201.01792907714844,0.9999998211860657,607.77294921875,195.9751739501953,0.9999986886978149,612.1259155273438,212.8367919921875,0.9999996423721313,646.8557739257812,205.0668487548828,1.0,610.0771484375,204.47564697265625,0.9999997615814209,563.4876098632812,195.1713104248047,0.9999958872795105,524.4969482421875,181.92369079589844,0.9998066425323486,696.2263793945312,185.9290008544922,0.9999991655349731,712.4985961914062,183.13861083984375,0.9999990463256836,713.3080444335938,174.84153747558594,0.9999945759773254,720.0995483398438,176.8284454345703,0.9999997019767761,721.7796020507812,183.50765991210938,1.0,718.6502685546875,188.21499633789062,0.9999988079071045,711.7893676757812,190.3321990966797,0.999976396560669,672.3416748046875,225.53102111816406,0.9999524354934692,665.2205810546875,232.77850341796875,0.9999892115592957,665.1439208984375,238.6138458251953,0.9999732971191406,672.0921020507812,239.25445556640625,0.9999815225601196,674.5436401367188,234.84495544433594,0.9998782277107239,674.4551391601562,229.8887481689453,0.9695954322814941,666.5067749023438,226.9294891357422,0.35168707370758057,625.2509155273438,221.3828582763672,0.9999812841415405,632.4057006835938,232.79757690429688,0.999994695186615,634.4458618164062,227.3458709716797,0.958335280418396,638.4469604492188,230.94027709960938,0.9994640350341797,640.3280639648438,235.80319213867188,0.9966144561767578,638.4135131835938,241.7560577392578,0.9995810389518738,630.733154296875,240.94155883789062,0.9999926090240479,615.90234375,180.0186004638672,0.9999175667762756,606.4110107421875,168.78460693359375,0.999994695186615,610.3666381835938,174.49853515625,0.47851523756980896,616.2891235351562,168.9066619873047,0.9935765266418457,617.2738037109375,162.6531524658203,0.9999571442604065,610.475341796875,157.3492431640625,0.9999324083328247,596.2211303710938,160.5869140625,0.9999462962150574
94,739.2197875976562,213.89468383789062,1.0,684.5780639648438,211.27548217773438,0.9999998807907104,680.7490844726562,219.6636199951172,0.9999998807907104,687.7857055664062,202.6975555419922,0.9999997615814209,608.7371826171875,196.26414489746094,0.9999991655349731,612.9005737304688,213.6206512451172,0.9999995827674866,649.3092041015625,204.9156494140625,0.9999998211860657,610.9130859375,204.85975646972656,0.9999997019767761,564.6719970703125,195.1791229248047,0.9999983906745911,523.9227294921875,180.88079833984375,0.999793529510498,695.4944458007812,186.01856994628906,0.9999999403953552,710.3944702148438,182.31002807617188,0.9999999403953552,709.5424194335938,173.35581970214844,0.9999997019767761,716.9131469726562,173.8349151611328,0.9999995231628418,718.7566528320312,181.17208862304688,1.0,716.9913940429688,186.6969757080078,0.9999996423721313,709.2489624023438,188.95826721191406,0.9999985694885254,672.884765625,227.6814727783203,0.9999789595603943,662.7561645507812,235.4075164794922,0.9999517202377319,663.3717041015625,239.54779052734375,0.9996609091758728,670.6527099609375,240.7150115966797,0.9997000694274902,672.6124267578125,235.9759521484375,0.9958425760269165,670.9205932617188,232.36996459960938,0.7385802268981934,663.1021118164062,230.60569763183594,0.6271041035652161,627.16357421875,223.2545166015625,0.9999650716781616,637.1131591796875,236.4199981689453,0.9999852776527405,639.6024169921875,229.98265075683594,0.9994206428527832,643.83837890625,234.15170288085938,0.9998612403869629,647.3810424804688,241.86595153808594,0.999958336353302,643.4082641601562,248.09475708007812,0.9999608993530273,631.7190551757812,245.49496459960938,0.9999995231628418,616.4738159179688,179.14474487304688,0.9998543858528137,606.2824096679688,168.96849060058594,0.9999946355819702,609.9876708984375,174.9055938720703,0.4019986391067505,616.1286010742188,168.96673583984375,0.9938920736312866,617.2752075195312,162.71388244628906,0.9999514818191528,610.6796875,157.25863647460938,0.9999333620071411,596.329833984375,160.4535675048828,0.999961256980896
95,740.122314453125,215.70733642578125,1.0,685.6705932617188,211.66802978515625,1.0,681.88916015625,220.03407287597656,0.9999994039535522,688.1834716796875,202.86325073242188,0.9999997615814209,610.4564208984375,195.96685791015625,0.9999992847442627,614.45458984375,213.11439514160156,0.9999991655349731,649.8291015625,204.9319305419922,0.9999995827674866,612.6395263671875,204.46902465820312,0.9999997019767761,566.7284545898438,194.15908813476562,0.9999974966049194,524.578369140625,181.44647216796875,0.9997075796127319,695.1350708007812,186.0869140625,0.9999997615814209,709.9277954101562,182.44171142578125,0.9999998807907104,709.1558837890625,173.54495239257812,0.9999996423721313,716.9952392578125,174.0983428955078,0.9999989867210388,718.199951171875,180.93463134765625,0.9999998807907104,715.972900390625,186.7219696044922,0.9999996423721313,708.1744384765625,189.2865447998047,0.999998927116394,673.9347534179688,227.30657958984375,0.9999904632568359,663.731689453125,235.00355529785156,0.9999712705612183,663.8460693359375,240.1171112060547,0.999826192855835,671.3475341796875,241.37490844726562,0.9998859167098999,673.171142578125,236.5078582763672,0.9981188774108887,672.4700927734375,231.88287353515625,0.6423364281654358,665.4043579101562,230.04098510742188,0.8471254706382751,626.8758544921875,223.90667724609375,0.9999558925628662,634.1409301757812,237.9838104248047,0.9999901056289673,634.9096069335938,231.198974609375,0.968856930732727,641.2212524414062,237.26878356933594,0.9988000392913818,643.2858276367188,243.96923828125,0.99997478723526,640.1392211914062,250.11814880371094,0.999725341796875,629.02001953125,247.06668090820312,0.9999995231628418,616.9949340820312,179.38365173339844,0.9999303817749023,606.4764404296875,169.03273010253906,0.9999922513961792,609.8619995117188,174.0044403076172,0.47047874331474304,616.1589965820312,169.15199279785156,0.9943915605545044,617.5223999023438,162.8284912109375,0.9999637007713318,611.0035400390625,156.81344604492188,0.9999195337295532,596.6173095703125,160.58140563964844,0.9999542832374573
96,740.7111206054688,217.8159942626953,1.0,686.9586791992188,211.8760986328125,0.9999999403953552,682.8450317382812,219.96316528320312,0.999998927116394,689.5401611328125,203.39114379882812,0.9999998807907104,611.7695922851562,195.90675354003906,0.9999996423721313,615.45166015625,213.037109375,0.9999990463256836,650.6572265625,204.03977966308594,0.9999992847442627,613.9445190429688,204.0542755126953,0.9999998807907104,567.4401245117188,193.55984497070312,0.9999987483024597,524.769287109375,181.58546447753906,0.9999579191207886,695.209228515625,186.5790252685547,0.9999996423721313,709.2257690429688,182.86083984375,0.9999998807907104,708.4788818359375,173.95086669921875,0.9999994039535522,716.0565185546875,174.32676696777344,0.9999984502792358,717.7340087890625,181.05117797851562,0.9999998211860657,715.4002685546875,187.14573669433594,0.9999995231628418,707.465087890625,190.09230041503906,0.9999990463256836,675.5298461914062,227.12440490722656,0.9999914169311523,663.7789306640625,234.3784942626953,0.999971866607666,663.9564208984375,239.86737060546875,0.9999332427978516,671.4780883789062,240.85667419433594,0.9998447895050049,673.0213012695312,236.09568786621094,0.9966593980789185,671.2105102539062,234.50201416015625,0.48846060037612915,665.1590576171875,229.84976196289062,0.9140638113021851,627.93896484375,223.74293518066406,0.9999424815177917,631.71923828125,239.14764404296875,0.9999984502792358,632.9131469726562,230.41928100585938,0.9311857223510742,639.8175048828125,237.8618927001953,0.997357964515686,641.2886352539062,244.8561553955078,0.9999785423278809,638.0076293945312,251.58189392089844,0.9999091625213623,626.3154907226562,248.45281982421875,0.9999961853027344,617.5284423828125,179.0593719482422,0.9999550580978394,606.6035766601562,169.15264892578125,0.999990701675415,609.9464111328125,173.64959716796875,0.5308278203010559,616.1329345703125,168.9815673828125,0.9962472915649414,617.1918334960938,162.54832458496094,0.9999707341194153,611.0097045898438,156.64134216308594,0.9999189972877502,596.621826171875,160.72128295898438,0.9999517202377319
97,743.12451171875,217.9066925048828,1.0,688.101318359375,211.86317443847656,1.0,684.7430419921875,219.81626892089844,0.9999995231628418,691.2550659179688,203.6156768798828,0.9999998807907104,614.2630004882812,195.58326721191406,0.9999996423721313,618.2037353515625,212.18312072753906,0.9999989867210388,652.9367065429688,204.48118591308594,0.9999997615814209,616.572509765625,203.56065368652344,0.9999998211860657,568.92431640625,195.53233337402344,0.9999986886978149,525.9314575195312,182.6930389404297,0.9999285936355591,695.6574096679688,186.97198486328125,0.9999994039535522,709.3255004882812,182.84182739257812,0.9999999403953552,708.2994384765625,173.97189331054688,0.9999989867210388,715.8417358398438,174.34512329101562,0.9999982118606567,717.6837768554688,180.9161834716797,0.9999997615814209,715.5794677734375,186.9757537841797,0.9999992251396179,708.2371215820312,190.19293212890625,0.9999985694885254,676.7548217773438,226.79470825195312,0.9999939203262329,664.2932739257812,233.9242706298828,0.9999791383743286,663.9114379882812,238.75302124023438,0.9999221563339233,671.5222778320312,240.67349243164062,0.9998151063919067,673.0667114257812,235.97093200683594,0.9968149662017822,671.5404663085938,234.6109619140625,0.7339985370635986,664.9213256835938,229.8073272705078,0.9562495946884155,629.8377075195312,224.00904846191406,0.999983549118042,631.4415893554688,239.4998321533203,0.9999992847442627,632.8944702148438,230.51535034179688,0.8155465126037598,639.8861694335938,237.4881591796875,0.9957677125930786,641.1613159179688,244.62901306152344,0.9999755024909973,638.436767578125,251.32208251953125,0.9999047517776489,625.6679077148438,248.7473907470703,0.9999961853027344,618.0225830078125,178.5209503173828,0.9999690055847168,606.563720703125,168.8429718017578,0.9999922513961792,609.8564453125,173.36399841308594,0.5693944096565247,615.8973388671875,168.6226348876953,0.9975636005401611,616.484619140625,162.06451416015625,0.9999721050262451,610.8706665039062,156.3737335205078,0.9999563694000244,595.9860229492188,160.67752075195312,0.9999598264694214
98,745.982421875,216.4293670654297,1.0,689.9468383789062,211.30360412597656,1.0,686.6364135742188,219.3720703125,0.9999994039535522,693.1482543945312,203.0491180419922,0.9999998211860657,617.3314208984375,196.4227294921875,0.9999998211860657,620.8675537109375,211.34530639648438,0.9999986290931702,654.9356689453125,204.1521453857422,0.9999990463256836,618.5496215820312,203.1790771484375,0.9999998807907104,568.57666015625,196.76976013183594,0.9999997615814209,525.8695068359375,183.4463348388672,0.9999898672103882,696.7965087890625,186.87579345703125,0.9999988079071045,709.2954711914062,182.7584686279297,0.9999999403953552,708.4988403320312,174.0828857421875,0.9999989867210388,716.01171875,174.4339141845703,0.9999988079071045,717.6533813476562,180.7600555419922,0.9999998807907104,715.1949462890625,186.7595977783203,0.9999994039535522,708.1076049804688,189.8729705810547,0.9999992847442627,678.725341796875,226.12351989746094,0.9999923706054688,665.6077880859375,232.44122314453125,0.9999299645423889,665.0867309570312,238.4230194091797,0.9998766183853149,673.1380004882812,239.8242645263672,0.9998875856399536,674.1973876953125,235.2172393798828,0.9978588819503784,673.1517333984375,233.3082275390625,0.6653107404708862,665.216064453125,229.49583435058594,0.9506423473358154,634.0680541992188,223.58290100097656,0.9999350309371948,631.355712890625,239.5886993408203,0.9999989867210388,632.4823608398438,230.32875061035156,0.7306967377662659,640.185546875,237.02342224121094,0.9958800077438354,641.3236694335938,245.00521850585938,0.9999892711639404,639.3888549804688,252.33753967285156,0.9999239444732666,625.4485473632812,248.91513061523438,0.9999948740005493,618.6224365234375,177.9654083251953,0.9999706745147705,606.5399169921875,168.88198852539062,0.9999935626983643,609.6158447265625,173.2032012939453,0.7220125198364258,615.7186279296875,168.44442749023438,0.9988279342651367,616.7548828125,162.18081665039062,0.9999843835830688,609.7408447265625,155.8184356689453,0.9999598264694214,595.6063842773438,160.81118774414062,0.9999582767486572
99,750.3323364257812,215.29458618164062,1.0,692.0143432617188,211.07469177246094,1.0,687.4270629882812,219.43898010253906,0.9999996423721313,695.670654296875,202.7316131591797,0.9999997615814209,619.5469360351562,196.77272033691406,0.9999998807907104,623.343017578125,211.41201782226562,0.9999986886978149,656.4256591796875,203.6466522216797,0.9999998211860657,620.7567749023438,203.0530548095703,0.9999998807907104,571.9692993164062,197.58447265625,0.9999998807907104,526.5725708007812,183.6571502685547,0.9999980926513672,697.62890625,186.8162078857422,0.999997079372406,709.3285522460938,182.6338653564453,0.9999998807907104,708.4078369140625,174.14627075195312,0.9999985694885254,715.748779296875,173.94862365722656,0.9999985098838806,717.8021850585938,180.10385131835938,0.9999997615814209,715.1939086914062,186.4346923828125,0.9999991655349731,708.5225219726562,189.82470703125,0.9999991655349731,679.8640747070312,226.2132110595703,0.999998927116394,666.735107421875,231.96180725097656,0.9999252557754517,666.0581665039062,237.73121643066406,0.9999736547470093,674.449951171875,239.52574157714844,0.9999761581420898,675.384521484375,235.01036071777344,0.9984076023101807,674.937255859375,232.87924194335938,0.605255126953125,667.48876953125,228.60707092285156,0.9863287210464478,636.2213134765625,223.64361572265625,0.9999887943267822,631.5830688476562,240.11660766601562,0.9999994039535522,632.4470825195312,231.82086181640625,0.22028860449790955,639.9741821289062,237.0291748046875,0.9879848957061768,640.9400024414062,244.8155517578125,0.9999719858169556,639.8548583984375,251.6465301513672,0.9999566078186035,625.6688232421875,249.53990173339844,0.9999943971633911,620.1018676757812,178.28952026367188,0.9999791979789734,606.9297485351562,169.03759765625,0.9999957084655762,609.99755859375,173.5066375732422,0.8056459426879883,615.2411499023438,168.03536987304688,0.9991836547851562,617.2463989257812,162.54962158203125,0.9999878406524658,610.8145751953125,156.6421661376953,0.999977707862854,595.9061279296875,161.1198272705078,0.9999710321426392
100,751.5708618164062,215.59228515625,1.0,693.9763793945312,211.5023651123047,0.9999998807907104,689.7979736328125,219.96534729003906,0.9999998211860657,697.359375,202.41192626953125,0.9999992847442627,622.610595703125,196.69252014160156,1.0,625.5892333984375,211.7072296142578,0.9999995827674866,659.1281127929688,204.8739013671875,0.9999998807907104,622.9718627929688,204.1529541015625,1.0,573.7185668945312,197.0298309326172,1.0,529.4837646484375,185.9593963623047,0.9999996423721313,697.5450439453125,187.79852294921875,0.9999951124191284,709.4248046875,182.559326171875,1.0,708.2913208007812,174.49990844726562,0.9999979138374329,715.5867919921875,173.83810424804688,0.9999983310699463,717.976806640625,179.84840393066406,0.9999997019767761,715.5779418945312,186.54566955566406,0.9999991059303284,709.0946044921875,189.7904052734375,0.9999991059303284,681.3601684570312,226.6728515625,0.9999996423721313,667.3572998046875,231.6154022216797,0.9999274015426636,666.3134765625,237.5943145751953,0.9999233484268188,674.5999145507812,239.67575073242188,0.9998932480812073,676.0473022460938,235.4266357421875,0.9937970042228699,675.866943359375,233.10032653808594,0.3609631359577179,668.220947265625,228.62374877929688,0.9924535751342773,638.3989868164062,224.22406005859375,0.9999905824661255,631.7610473632812,240.34814453125,0.9999992847442627,632.55322265625,231.83059692382812,0.1874321699142456,640.4700927734375,236.9192657470703,0.987629771232605,641.0120239257812,244.7639923095703,0.9999842047691345,640.6307373046875,251.51792907714844,0.9999474287033081,625.2713623046875,249.432861328125,0.9999960660934448,620.5841674804688,178.18292236328125,0.9999828338623047,606.8829956054688,169.02943420410156,0.9999966621398926,609.1864624023438,173.4185333251953,0.9181309938430786,614.6107177734375,168.21192932128906,0.9994608163833618,616.537841796875,162.32838439941406,0.9999850988388062,609.6953735351562,156.7828826904297,0.9999812245368958,595.4539184570312,161.65225219726562,0.9999837875366211
101,754.7117919921875,216.14242553710938,1.0,696.4541015625,212.1121826171875,0.9999998807907104,692.7680053710938,220.70188903808594,0.9999998807907104,699.27392578125,202.3752899169922,0.9999997615814209,624.1895141601562,198.26454162597656,1.0,628.646728515625,212.2387237548828,0.9999997615814209,661.7781372070312,205.69728088378906,0.9999998807907104,626.1593017578125,204.717041015625,1.0,577.6600341796875,198.87925720214844,1.0,532.6139526367188,186.51315307617188,0.9999998807907104,698.6109619140625,187.95703125,0.999993085861206,709.1383056640625,182.63319396972656,0.9999999403953552,707.6657104492188,174.74929809570312,0.9999967813491821,714.6870727539062,173.29917907714844,0.9999972581863403,717.9120483398438,179.3985595703125,0.9999995231628418,715.6724243164062,186.5402374267578,0.999998927116394,709.3318481445312,189.75962829589844,0.9999993443489075,683.6138305664062,227.60398864746094,0.9999998211860657,671.3086547851562,233.5057830810547,0.9999628067016602,668.2325439453125,238.63490295410156,0.9999254941940308,675.2822875976562,240.10984802246094,0.9997920989990234,677.2637939453125,236.2715301513672,0.995195746421814,676.1770629882812,232.67282104492188,0.3871517777442932,669.5345458984375,229.30690002441406,0.998734712600708,638.5070190429688,225.2458953857422,0.9999937415122986,631.9212036132812,240.41439819335938,0.9999994039535522,632.7389526367188,232.05123901367188,0.053872764110565186,640.6334228515625,236.65553283691406,0.9881590604782104,640.498291015625,244.58885192871094,0.9999897480010986,640.6785888671875,251.4491729736328,0.9999629259109497,624.7908935546875,249.48350524902344,0.9999958872795105,621.8834228515625,179.04898071289062,0.9999750256538391,607.3257446289062,169.05535888671875,0.9999975562095642,609.190673828125,173.3140411376953,0.9319292902946472,617.0420532226562,169.4311981201172,0.999631404876709,615.698974609375,162.8349151611328,0.9999879598617554,609.5924072265625,157.32611083984375,0.9999904632568359,595.6529541015625,162.31158447265625,0.9999848008155823
102,757.0682373046875,216.82461547851562,1.0,698.5764770507812,212.26759338378906,0.9999998211860657,695.9547729492188,221.5087127685547,0.9999997615814209,701.0330200195312,202.70968627929688,0.9999997615814209,628.0842895507812,199.7330322265625,1.0,631.5771484375,213.06304931640625,0.9999983906745911,664.8421020507812,206.5965118408203,0.9999998211860657,629.9883422851562,205.6129608154297,1.0,581.1932983398438,198.35768127441406,1.0,534.010498046875,186.4271697998047,0.9999998807907104,699.73388671875,189.16571044921875,0.999988317489624,709.4341430664062,182.7788543701172,0.9999998807907104,707.6410522460938,175.00192260742188,0.9999959468841553,714.4171142578125,173.18911743164062,0.9999961853027344,718.2109375,179.38278198242188,0.9999992847442627,716.444580078125,187.17369079589844,0.9999985694885254,709.8438720703125,190.455078125,0.9999991655349731,687.432373046875,229.18801879882812,0.9999997615814209,672.7409057617188,234.61463928222656,0.9999813437461853,669.7453002929688,240.5535888671875,0.9992868304252625,677.758544921875,241.5916290283203,0.9445288181304932,679.5911254882812,237.2454833984375,0.37858879566192627,679.8646240234375,235.89317321777344,0.009649068117141724,673.3619995117188,229.9593048095703,0.9919437170028687,640.8736572265625,226.05361938476562,0.9999982118606567,632.2799072265625,240.89471435546875,0.999998927116394,632.88818359375,232.65086364746094,0.011206746101379395,640.5116577148438,237.18020629882812,0.976942777633667,640.9527587890625,245.20712280273438,0.9999976754188538,638.3531494140625,253.648681640625,0.9999861717224121,624.929443359375,250.02410888671875,0.9999935626983643,622.845703125,179.4203338623047,0.9999550580978394,608.0191650390625,169.0028076171875,0.9999977350234985,609.871826171875,173.2327423095703,0.9517275094985962,617.4910278320312,169.67752075195312,0.9997931718826294,616.063232421875,162.88031005859375,0.9999934434890747,609.7861938476562,157.73121643066406,0.9999945163726807,596.5923461914062,162.21017456054688,0.9999901056289673
103,759.1345825195312,216.7506103515625,1.0,702.25341796875,212.93614196777344,0.9999999403953552,699.4595947265625,221.4912567138672,0.9999986290931702,704.1724853515625,204.0194091796875,0.9999998807907104,630.5548095703125,199.21788024902344,1.0,634.3914184570312,212.86849975585938,0.9999994039535522,665.84912109375,206.15325927734375,0.9999996423721313,632.65234375,205.14993286132812,1.0,582.5314331054688,197.84033203125,1.0,537.98974609375,188.37796020507812,0.9999997615814209,701.156005859375,189.681640625,0.9999767541885376,709.3430786132812,183.0436248779297,0.9999998807907104,707.6397094726562,174.70106506347656,0.9999974966049194,714.6002197265625,173.31845092773438,0.9999955892562866,718.100341796875,179.83628845214844,0.9999992251396179,716.369384765625,187.56268310546875,0.9999976754188538,709.9712524414062,190.6168975830078,0.9999982714653015,690.6605834960938,229.1013946533203,0.9999997615814209,676.7531127929688,234.32650756835938,0.9999945163726807,673.3314819335938,240.63792419433594,0.9997705221176147,683.1902465820312,241.65586853027344,0.94412761926651,686.4158325195312,238.0502471923828,0.3882943391799927,685.4528198242188,234.9007110595703,0.017294734716415405,677.5780639648438,229.2430877685547,0.994717001914978,641.0789184570312,226.8668975830078,0.9999960660934448,632.4583129882812,240.7543182373047,0.9999990463256836,633.0755004882812,232.47216796875,0.014175266027450562,640.0525512695312,237.4476318359375,0.9806901812553406,640.8462524414062,244.73316955566406,0.9999983906745911,638.743408203125,253.7961883544922,0.9999791383743286,625.4701538085938,250.0846405029297,0.9999908208847046,623.3356323242188,180.80259704589844,0.9999492168426514,608.3202514648438,169.28294372558594,0.9999954104423523,609.9671020507812,173.8242645263672,0.9032382369041443,617.6292724609375,170.1502685546875,0.9996185898780823,616.004150390625,163.14122009277344,0.9999902844429016,610.0726928710938,157.95274353027344,0.9999945759773254,597.4271240234375,162.1870880126953,0.9999865889549255
104,762.2797241210938,216.40679931640625,0.9999998807907104,705.7239990234375,212.60316467285156,1.0,705.005126953125,221.67529296875,0.9999995827674866,707.1453857421875,204.20559692382812,0.9999999403953552,633.3345336914062,197.80401611328125,1.0,635.7692260742188,212.31675720214844,0.9999991059303284,669.5018310546875,206.43934631347656,0.9999997615814209,634.1954345703125,204.59255981445312,0.9999998211860657,583.6143188476562,196.74351501464844,0.9999999403953552,537.8212890625,187.85765075683594,0.9999997615814209,701.68408203125,188.88197326660156,0.999987006187439,709.6298217773438,183.1785888671875,0.9999999403953552,708.1323852539062,174.74530029296875,0.9999978542327881,715.1358032226562,173.68077087402344,0.9999924898147583,718.1961669921875,180.3134307861328,0.9999979734420776,716.2835693359375,187.90603637695312,0.9999953508377075,710.091796875,190.69476318359375,0.9999849796295166,699.7211303710938,228.3690948486328,0.9999992847442627,694.5362548828125,233.09014892578125,0.999984622001648,692.8065795898438,239.822509765625,0.9997244477272034,700.79736328125,239.9598388671875,0.995741069316864,705.2857666015625,236.6829833984375,0.9882373809814453,704.9793090820312,233.62466430664062,0.37844693660736084,697.9624633789062,230.02102661132812,0.7890461087226868,642.4517822265625,227.4640350341797,0.9999867677688599,630.3831176757812,240.09478759765625,0.9999979138374329,631.5407104492188,231.24363708496094,0.04851406812667847,639.5558471679688,237.0249481201172,0.9532102942466736,641.0861206054688,244.48233032226562,0.9999966025352478,639.84619140625,252.02076721191406,0.9999591112136841,622.7420043945312,251.4065399169922,0.9999810457229614,626.25390625,180.02732849121094,0.9999892711639404,607.293212890625,169.13246154785156,0.9999982118606567,610.297607421875,174.7273406982422,0.5329598188400269,618.1327514648438,170.28778076171875,0.997930645942688,616.3922119140625,163.88720703125,0.9999815225601196,610.4473876953125,158.54904174804688,0.9999967813491821,598.7243041992188,162.67459106445312,0.9999910593032837
105,764.4241333007812,216.33633422851562,0.9999998807907104,708.5075073242188,211.5230255126953,1.0,710.1234741210938,221.1047821044922,0.9999998807907104,710.253662109375,202.70208740234375,0.9999998807907104,635.49609375,197.44894409179688,1.0,637.07666015625,212.32386779785156,0.9999994039535522,671.4578247070312,207.0562286376953,0.9999997615814209,636.4635009765625,204.47438049316406,0.9999998807907104,585.7821655273438,195.92005920410156,0.9999998807907104,538.3585205078125,187.9529266357422,0.9999998807907104,702.3861694335938,189.91305541992188,0.9999887943267822,709.3285522460938,183.3776397705078,0.9999997615814209,708.00537109375,174.8053436279297,0.9999975562095642,714.9017333984375,174.01661682128906,0.9999859929084778,717.4022216796875,180.4176025390625,0.9999956488609314,715.4593505859375,187.367919921875,0.9999790787696838,711.548095703125,190.48619079589844,0.9997988343238831,709.0708618164062,228.9050750732422,0.9999978542327881,713.3250732421875,235.1669921875,0.9999875426292419,712.2740478515625,239.8964385986328,0.9997612237930298,715.67724609375,239.70777893066406,0.9998944997787476,720.1978149414062,235.9903564453125,0.9996480345726013,720.4375610351562,232.9529571533203,0.9892486333847046,714.59716796875,230.24546813964844,0.9588130712509155,643.12939453125,228.3935089111328,0.9999949932098389,629.2635498046875,240.1779022216797,0.9999979734420776,628.6812744140625,230.39830017089844,0.033145010471343994,640.141845703125,237.62327575683594,0.7407359480857849,640.337890625,245.1378631591797,0.9999931454658508,638.8029174804688,252.22125244140625,0.9999451637268066,622.6480102539062,252.61325073242188,0.9999648332595825,627.808349609375,179.8014373779297,0.9999792575836182,607.55712890625,169.07208251953125,0.9999988079071045,610.3863525390625,175.0408935546875,0.4210229218006134,618.8910522460938,170.58462524414062,0.9961020946502686,617.4138793945312,164.18272399902344,0.9999768137931824,610.4894409179688,158.7703399658203,0.9999976754188538,599.37744140625,162.85800170898438,0.9999955892562866
106,765.8532104492188,215.58009338378906,0.9999998807907104,710.1007690429688,212.3324737548828,1.0,714.89013671875,222.0142059326172,0.9999995231628418,710.2911376953125,203.32107543945312,0.9999998807907104,637.1223754882812,197.75218200683594,1.0,637.5249633789062,213.0301513671875,0.9999997019767761,672.531494140625,207.72613525390625,1.0,637.8997802734375,205.1139373779297,1.0,588.9157104492188,197.2577667236328,1.0,541.6196899414062,189.59107971191406,0.9999998211860657,702.7871704101562,190.3517608642578,0.9999882578849792,708.89794921875,184.39633178710938,0.9999998211860657,708.142333984375,174.85101318359375,0.9999984502792358,715.3026733398438,174.94593811035156,0.9999921321868896,717.431396484375,181.62527465820312,0.9999974370002747,715.62451171875,188.83106994628906,0.9999759793281555,711.7511596679688,191.6114959716797,0.999799370765686,717.9783935546875,230.0664520263672,0.9999645948410034,728.7407836914062,236.30589294433594,0.9999878406524658,729.7603149414062,240.9210205078125,0.9999349117279053,732.6029052734375,240.4683380126953,0.999994158744812,735.3353271484375,237.77638244628906,0.9999233484268188,735.2592163085938,232.9059600830078,0.9972124695777893,729.9558715820312,230.54074096679688,0.9898672699928284,643.9237060546875,229.62655639648438,0.9999957084655762,629.1739501953125,240.14517211914062,0.9999978542327881,628.2069702148438,230.74716186523438,0.034777313470840454,641.61962890625,238.787353515625,0.3606545329093933,640.2147827148438,245.18997192382812,0.9999843835830688,638.0108032226562,252.57171630859375,0.9999001622200012,622.6406860351562,252.29441833496094,0.9999678730964661,628.9506225585938,179.89442443847656,0.999968945980072,608.4132690429688,169.25518798828125,0.9999989867210388,611.2075805664062,175.27610778808594,0.2965162992477417,619.346435546875,170.70916748046875,0.9904589653015137,617.55322265625,163.93862915039062,0.9999539852142334,610.625732421875,158.73583984375,0.9999974966049194,600.01025390625,163.13746643066406,0.9999947547912598
107,767.8544311523438,214.40621948242188,1.0,713.2894287109375,211.97877502441406,0.9999998211860657,717.5415649414062,221.7920379638672,0.9999970197677612,711.4948120117188,202.6663360595703,0.9999997615814209,638.8865966796875,197.4796600341797,1.0,637.5838623046875,212.93589782714844,0.9999996423721313,674.3335571289062,208.26254272460938,1.0,639.4725341796875,205.23731994628906,1.0,589.8279418945312,195.92274475097656,0.9999998807907104,543.7797241210938,190.86888122558594,0.9999998807907104,704.1355590820312,189.43434143066406,0.9999753832817078,708.81884765625,184.83619689941406,0.9999997615814209,707.8113403320312,174.95860290527344,0.9999983310699463,715.1470947265625,175.1659393310547,0.9999902248382568,717.3634033203125,181.73643493652344,0.9999963641166687,715.7330932617188,188.5899658203125,0.9999690651893616,712.3146362304688,191.28773498535156,0.9998033046722412,724.568115234375,231.65179443359375,0.9999818801879883,738.2628173828125,236.73080444335938,0.9999998211860657,738.54345703125,243.3504638671875,0.9999985098838806,743.1260986328125,241.6468048095703,0.9999995231628418,745.745361328125,237.7230224609375,0.9999949932098389,744.1944580078125,233.19334411621094,0.9999228715896606,738.5888671875,230.27529907226562,0.9995231628417969,644.3367309570312,230.3998260498047,0.999994158744812,628.8255615234375,240.5303955078125,0.9999971389770508,627.8338623046875,230.8944854736328,0.012912452220916748,641.6620483398438,239.35574340820312,0.2677157521247864,639.77734375,245.29559326171875,0.9999718070030212,637.3872680664062,253.1263885498047,0.9998536705970764,622.1046142578125,252.3133087158203,0.9999644756317139,631.67822265625,181.17344665527344,0.9999688863754272,608.92333984375,169.4730682373047,0.9999986290931702,612.2203979492188,175.62612915039062,0.2869563698768616,618.4349975585938,170.08477783203125,0.9895823001861572,618.5938110351562,164.15736389160156,0.9999656677246094,610.4845581054688,157.41549682617188,0.9999987483024597,600.5404052734375,163.74066162109375,0.9999966025352478
108,769.2283325195312,213.37803649902344,1.0,713.4430541992188,211.97817993164062,0.9999998807907104,717.9037475585938,221.91366577148438,0.9999940991401672,711.7130737304688,202.72866821289062,0.9999998807907104,642.3568725585938,198.10897827148438,1.0,640.9508666992188,212.8658447265625,0.9999998807907104,677.1934204101562,208.4582061767578,1.0,641.8565673828125,205.33204650878906,1.0,595.0680541992188,196.20606994628906,1.0,546.8952026367188,189.96884155273438,1.0,704.8031005859375,189.51510620117188,0.9999724626541138,709.1864013671875,185.06605529785156,0.9999996423721313,707.7380981445312,175.19020080566406,0.9999983310699463,715.14794921875,175.43197631835938,0.9999897480010986,717.2842407226562,181.9663848876953,0.9999955892562866,715.884765625,188.46424865722656,0.9999421834945679,712.6094970703125,191.29556274414062,0.999616265296936,725.05615234375,231.67608642578125,0.9999924302101135,739.2742309570312,238.49156188964844,0.9999997615814209,738.324951171875,245.28219604492188,0.9999972581863403,743.4160766601562,244.46412658691406,0.9999992847442627,747.1480712890625,239.7011260986328,0.9999989867210388,745.7979736328125,234.2689208984375,0.9999740123748779,739.9174194335938,231.64694213867188,0.99988853931427,645.9862670898438,229.94943237304688,0.9999970197677612,629.257080078125,239.5668182373047,0.9999960660934448,627.9927978515625,230.21990966796875,0.0026661455631256104,642.7978515625,239.6551055908203,0.06348413228988647,640.0339965820312,244.97384643554688,0.9999444484710693,636.7877197265625,253.1549835205078,0.9998371005058289,621.927490234375,250.66497802734375,0.9998967051506042,636.8644409179688,181.70741271972656,0.9999752044677734,614.0619506835938,169.89735412597656,0.9999996423721313,627.2175903320312,181.50173950195312,0.3650689125061035,624.1392822265625,169.38955688476562,0.9414863586425781,624.3606567382812,162.87330627441406,0.9999316930770874,615.9736938476562,157.3545684814453,0.9999992847442627,604.2608642578125,163.606201171875,0.9999997615814209
109,770.474609375,213.22967529296875,1.0,715.4180297851562,211.66294860839844,0.9999997615814209,719.2042846679688,221.47210693359375,0.9999975562095642,712.8732299804688,202.30838012695312,0.9999993443489075,645.8912353515625,198.50759887695312,0.9999998807907104,642.658935546875,212.5680389404297,0.9999999403953552,679.749267578125,208.95387268066406,0.9999998211860657,644.7787475585938,205.67901611328125,1.0,596.9837036132812,194.81771850585938,1.0,547.350830078125,189.83546447753906,1.0,705.7141723632812,189.41293334960938,0.9999719262123108,709.1781005859375,185.08001708984375,0.9999997615814209,707.51123046875,175.2191162109375,0.9999988079071045,714.9814453125,176.29580688476562,0.9999932050704956,717.2318115234375,181.9690704345703,0.9999961853027344,715.7036743164062,188.44882202148438,0.9999378323554993,712.428466796875,191.15817260742188,0.9993895292282104,725.28466796875,231.75440979003906,0.9999958276748657,738.043701171875,238.15509033203125,0.9999997615814209,737.5161743164062,244.8954620361328,0.9999979734420776,742.9423217773438,244.04193115234375,0.9999997615814209,746.407470703125,239.2366180419922,0.9999992847442627,744.293701171875,234.2139434814453,0.9999856352806091,739.0335693359375,231.36488342285156,0.9998686909675598,646.0819091796875,230.1121368408203,0.9999880194664001,628.22705078125,238.61813354492188,0.9999878406524658,626.638427734375,228.35733032226562,0.0041817426681518555,641.9923095703125,237.71499633789062,0.03287455439567566,639.50048828125,244.30337524414062,0.9999387860298157,635.7277221679688,253.03443908691406,0.9996992349624634,621.4785766601562,249.28561401367188,0.9997246265411377,646.1224365234375,182.93496704101562,0.9999966025352478,624.496337890625,171.9763641357422,0.9999982714653015,631.8025512695312,181.7940673828125,0.33679890632629395,636.7029418945312,175.9131317138672,0.2053682804107666,631.3700561523438,167.85220336914062,0.9785494804382324,625.1873779296875,161.7888946533203,0.9999784827232361,615.1826171875,168.5206756591797,0.9999872446060181
110,771.9435424804688,212.53916931152344,1.0,716.8342895507812,211.17938232421875,0.9999997019767761,720.8120727539062,220.68634033203125,0.9999983310699463,713.9951782226562,202.35768127441406,0.9999980926513672,647.5947265625,198.93499755859375,0.9999998807907104,643.5032958984375,212.6767578125,0.9999999403953552,681.276611328125,209.17628479003906,1.0,646.0952758789062,206.09156799316406,1.0,598.1734619140625,194.23699951171875,1.0,547.3217163085938,189.9420166015625,1.0,706.362060546875,188.9290313720703,0.9999897480010986,708.9370727539062,185.0692901611328,0.9999996423721313,707.617431640625,175.10745239257812,0.9999983310699463,714.9810791015625,176.38494873046875,0.9999932050704956,717.2776489257812,181.8960418701172,0.9999947547912598,715.4752197265625,188.03736877441406,0.9999171495437622,712.4141235351562,190.5793914794922,0.9978805780410767,724.8403930664062,231.291748046875,0.9999977350234985,736.4426879882812,236.75711059570312,0.9999998211860657,736.5921020507812,243.04786682128906,0.9999990463256836,742.0247802734375,242.2760772705078,0.9999999403953552,744.7213745117188,237.86817932128906,0.9999966025352478,742.6635131835938,232.70379638671875,0.9999807476997375,737.1322021484375,231.8889617919922,0.9998500347137451,645.8345336914062,231.0034637451172,0.999982476234436,628.5206298828125,238.11929321289062,0.9999790787696838,626.7473754882812,228.69644165039062,0.004685580730438232,641.92724609375,237.99285888671875,0.023107200860977173,639.2457275390625,243.72976684570312,0.9999014139175415,635.8751831054688,252.85560607910156,0.9996362924575806,621.3836059570312,248.37118530273438,0.9998301267623901,650.0310668945312,184.07949829101562,0.9999960660934448,633.7757568359375,174.9010009765625,0.9999983310699463,637.5630493164062,182.00184631347656,0.48152849078178406,642.2139892578125,174.65586853027344,0.4394397735595703,640.8483276367188,168.30506896972656,0.9835131168365479,632.1824340820312,165.61720275878906,0.9999902248382568,624.9176025390625,169.65972900390625,0.9999959468841553
111,774.6023559570312,212.37130737304688,1.0,717.0790405273438,210.9180450439453,0.9999996423721313,721.143798828125,220.28359985351562,0.9999977946281433,714.7442016601562,201.7990264892578,0.9999983310699463,652.3117065429688,199.9739990234375,0.9999991655349731,647.1790161132812,214.0015106201172,0.9999991655349731,683.4735717773438,209.9505615234375,1.0,648.996826171875,206.6168212890625,0.9999997615814209,604.325927734375,194.6318817138672,0.9999998807907104,549.2152709960938,190.19981384277344,1.0,706.6058959960938,188.4102020263672,0.9999921917915344,708.800537109375,184.79141235351562,0.9999995231628418,707.944580078125,174.76800537109375,0.9999991655349731,715.6090087890625,176.5453643798828,0.999996542930603,717.4215698242188,181.84014892578125,0.9999951124191284,714.9654541015625,187.6531524658203,0.9999039769172668,712.4832763671875,190.04563903808594,0.9949329495429993,725.426513671875,231.11846923828125,0.9999977946281433,736.3807983398438,236.61109924316406,0.9999998807907104,736.5938110351562,242.81216430664062,0.9999990463256836,742.2622680664062,241.98216247558594,0.9999998807907104,744.7135009765625,237.4896697998047,0.9999974966049194,742.546875,232.4940185546875,0.9999780654907227,737.078125,231.81829833984375,0.9998743534088135,646.255859375,231.6475067138672,0.9999909996986389,629.0847778320312,237.85614013671875,0.9999792575836182,625.8155517578125,229.3656463623047,0.013931244611740112,642.1966552734375,238.06942749023438,0.00852164626121521,639.3098754882812,244.22776794433594,0.9998446106910706,635.4171752929688,252.34371948242188,0.9996711015701294,620.9158325195312,247.92254638671875,0.9995964765548706,660.320556640625,188.32041931152344,0.9999998807907104,649.337890625,177.60311889648438,0.9999991655349731,652.722412109375,185.06729125976562,0.31083497405052185,656.6317749023438,182.0334930419922,0.9844141006469727,657.534423828125,173.57798767089844,0.9995015859603882,651.0599975585938,169.92626953125,0.9999832510948181,643.9910278320312,170.9626922607422,0.9999927282333374
112,776.638671875,211.8035888671875,1.0,722.6458129882812,209.99990844726562,0.9999998807907104,725.21533203125,219.648193359375,0.9999991655349731,719.6400756835938,202.03805541992188,0.999998927116394,655.04833984375,200.76263427734375,0.9999991655349731,647.6358642578125,215.0109100341797,0.9999940395355225,687.1536254882812,211.64561462402344,1.0,651.599853515625,207.68275451660156,0.9999996423721313,606.6222534179688,192.5522003173828,0.9999998211860657,550.6163940429688,190.1658172607422,1.0,709.4453735351562,189.1382598876953,0.9999938011169434,708.8880004882812,184.80181884765625,0.9999982714653015,707.2938232421875,174.8024444580078,0.9999976754188538,715.58447265625,176.96798706054688,0.9999945163726807,717.5799560546875,182.1392059326172,0.9999818801879883,715.5202026367188,186.67767333984375,0.9994642734527588,712.0777587890625,188.96295166015625,0.9839438796043396,725.5899047851562,231.14443969726562,0.9999988675117493,735.6768798828125,236.2993621826172,0.9999996423721313,735.724365234375,242.9389190673828,0.9999994039535522,741.549560546875,242.0336151123047,0.9999999403953552,744.097900390625,237.50479125976562,0.9999977946281433,742.1290283203125,232.50064086914062,0.999968409538269,736.3604736328125,231.88812255859375,0.9996263980865479,646.5582885742188,232.58087158203125,0.999991238117218,629.5117797851562,238.3266143798828,0.9999833106994629,624.7506713867188,229.22671508789062,0.04489430785179138,642.321533203125,238.28749084472656,0.01033070683479309,639.818115234375,246.49514770507812,0.9997148513793945,635.4625854492188,252.39596557617188,0.9993597269058228,621.1953735351562,245.8261260986328,0.9987637996673584,667.0770263671875,191.97044372558594,0.9999989867210388,664.2207641601562,178.93780517578125,0.9999997615814209,667.06591796875,187.14210510253906,0.47496190667152405,672.2161865234375,183.81259155273438,0.9968531131744385,673.6536254882812,174.5167999267578,0.9997940063476562,666.8386840820312,170.08273315429688,0.9999706745147705,656.7095336914062,172.2960968017578,0.999984860420227
113,779.7952880859375,211.3737335205078,1.0,724.92236328125,210.20785522460938,0.9999998807907104,727.4150390625,219.70223999023438,0.9999979734420776,721.7816162109375,202.1369171142578,0.9999997615814209,659.6890869140625,201.37222290039062,0.9999988079071045,652.1491088867188,215.79115295410156,0.999996542930603,690.31884765625,213.0603485107422,1.0,655.3154907226562,207.64422607421875,0.9999992251396179,610.4578857421875,194.08905029296875,1.0,552.2228393554688,190.56973266601562,1.0,711.3162231445312,188.72018432617188,0.9999942183494568,709.83251953125,184.79684448242188,0.999996542930603,706.96044921875,175.2610626220703,0.9999973773956299,716.0839233398438,176.69113159179688,0.9999821186065674,717.0907592773438,182.28073120117188,0.9997050166130066,715.4742431640625,186.09283447265625,0.988971471786499,712.20751953125,187.512451171875,0.9420972466468811,726.6085815429688,231.11065673828125,0.999998152256012,735.4652099609375,236.056396484375,0.9999995827674866,735.3131713867188,242.64869689941406,0.9999995231628418,741.5615844726562,241.7767791748047,0.9999999403953552,743.9691162109375,237.02383422851562,0.999997615814209,741.891357421875,231.9190216064453,0.9999288320541382,736.0736083984375,231.3578338623047,0.9992682337760925,647.5589599609375,233.13929748535156,0.9999890327453613,629.6876220703125,238.8359832763672,0.9999817609786987,624.322021484375,227.56451416015625,0.05196383595466614,643.2647094726562,239.0284423828125,0.01244691014289856,640.2447509765625,247.385009765625,0.9997810125350952,635.8594360351562,252.4678497314453,0.9993273615837097,621.8756103515625,246.56097412109375,0.9983898401260376,673.1077270507812,195.0796356201172,0.9999983310699463,676.7720947265625,180.287841796875,0.9999998807907104,679.315185546875,187.469970703125,0.9956404566764832,684.1946411132812,182.384521484375,0.999858558177948,686.2780151367188,175.00894165039062,0.9999470114707947,678.6031494140625,172.8563690185547,0.9998953342437744,668.9658203125,172.75650024414062,0.9998615384101868
114,782.4219970703125,211.6372528076172,1.0,727.8863525390625,210.01034545898438,0.9999997019767761,730.226806640625,219.75865173339844,0.9999955892562866,724.0245361328125,202.24891662597656,0.9999998807907104,663.5855102539062,203.0516815185547,0.9999969005584717,655.16552734375,215.88980102539062,0.9999949932098389,695.0048828125,213.79994201660156,0.9999998807907104,657.978759765625,209.00135803222656,0.9999997019767761,612.499755859375,194.33140563964844,1.0,553.5514526367188,190.3161163330078,1.0,712.5911254882812,188.11138916015625,0.999991774559021,711.2572631835938,184.7771453857422,0.9999945163726807,707.5963134765625,176.4124755859375,0.999996542930603,716.5786743164062,177.42567443847656,0.9999815225601196,717.25927734375,183.02378845214844,0.9989151954650879,715.75537109375,186.11904907226562,0.952502965927124,712.8277587890625,187.86683654785156,0.8291497230529785,727.9942016601562,231.58352661132812,0.999997079372406,736.031982421875,235.80091857910156,0.9999997615814209,736.0726928710938,241.97756958007812,0.9999994039535522,742.11474609375,241.58865356445312,0.9999998807907104,744.5150756835938,236.81292724609375,0.9999971389770508,742.9629516601562,232.57827758789062,0.9998990297317505,737.3385620117188,231.3178253173828,0.9991675615310669,650.5440673828125,232.541259765625,0.9999974966049194,630.2499389648438,239.53582763671875,0.9999936819076538,624.4583129882812,227.35238647460938,0.10010778903961182,643.650146484375,239.2945556640625,0.005824089050292969,640.5546875,248.38714599609375,0.9988570213317871,635.649169921875,252.5231170654297,0.9991987347602844,621.501220703125,246.1807098388672,0.9985126852989197,678.754638671875,196.30433654785156,0.9999836683273315,685.1703491210938,180.9815216064453,0.9999992847442627,686.1362915039062,188.05801391601562,0.9964213371276855,690.0286254882812,183.45004272460938,0.9995670318603516,689.5128173828125,176.7347412109375,0.9998636841773987,687.9368896484375,173.85775756835938,0.9995107054710388,678.2085571289062,173.61216735839844,0.9997153282165527
115,785.1167602539062,212.6498565673828,1.0,732.1218872070312,210.5733642578125,0.9999999403953552,733.8474731445312,219.24526977539062,0.999995231628418,727.2103271484375,202.14170837402344,0.9999997615814209,667.5650024414062,203.6942138671875,0.9999645948410034,658.6371459960938,216.57107543945312,0.9999980926513672,701.3887939453125,214.15293884277344,1.0,662.9010009765625,209.2438201904297,0.9999992251396179,615.188720703125,194.80636596679688,1.0,555.9413452148438,190.51812744140625,1.0,715.8594970703125,188.418212890625,0.9999832510948181,710.8575439453125,186.09495544433594,0.9999553561210632,708.5963134765625,178.09666442871094,0.9999783039093018,715.9297485351562,178.73355102539062,0.9999836683273315,716.235595703125,185.3695831298828,0.999286413192749,714.39990234375,188.87632751464844,0.9873186349868774,709.9224243164062,191.5464324951172,0.9528353214263916,729.4175415039062,231.0105438232422,0.9999845027923584,736.3478393554688,235.2575225830078,0.9999992847442627,735.8551635742188,241.73643493652344,0.9999990463256836,742.2903442382812,241.5059051513672,0.9999998807907104,744.5637817382812,236.38372802734375,0.9999969005584717,743.2830200195312,232.1102752685547,0.9998762607574463,737.4271850585938,230.68661499023438,0.9984568953514099,650.7914428710938,233.04995727539062,0.9999974370002747,631.0733032226562,240.02337646484375,0.9999862313270569,624.2568359375,227.9749755859375,0.2730978727340698,643.599365234375,241.49403381347656,0.0020422935485839844,640.8096923828125,247.92550659179688,0.9920841455459595,636.3582763671875,251.43798828125,0.9983944892883301,623.001953125,248.39845275878906,0.9975321888923645,685.3362426757812,197.97718811035156,0.999329686164856,692.1636962890625,183.6190948486328,0.9999582767486572,693.9225463867188,189.76559448242188,0.999305248260498,694.9624633789062,187.1126708984375,0.9986646175384521,698.0967407226562,180.08966064453125,0.9990012049674988,700.0103759765625,174.08450317382812,0.9900257587432861,687.7911987304688,175.43243408203125,0.9995114803314209
116,787.5379638671875,213.48068237304688,1.0,734.740966796875,211.0033416748047,1.0,734.3985595703125,218.90077209472656,0.9999954104423523,729.6740112304688,203.0038299560547,0.9999995827674866,671.2112426757812,205.27903747558594,0.9998699426651001,661.0458374023438,217.13331604003906,0.9999994039535522,702.2932739257812,216.20960998535156,0.9999998211860657,665.8463745117188,210.03831481933594,0.9999992251396179,618.7777709960938,195.31333923339844,0.9999998807907104,564.314453125,196.8582763671875,1.0,718.6142578125,190.7335205078125,0.9999925494194031,712.8003540039062,185.8076629638672,0.9999773502349854,712.3290405273438,178.56097412109375,0.9999357461929321,718.4921875,178.91314697265625,0.999958872795105,718.1652221679688,184.77761840820312,0.9991573095321655,716.296875,189.82070922851562,0.9969497919082642,710.6427612304688,191.0261688232422,0.9972139000892639,730.2581787109375,231.59591674804688,0.9999432563781738,736.7744750976562,235.1997833251953,0.9999994039535522,736.1677856445312,242.52435302734375,0.9999995231628418,742.9540405273438,242.04893493652344,0.9999998807907104,745.57373046875,236.42218017578125,0.9999959468841553,744.2632446289062,231.88218688964844,0.9997836351394653,737.7955322265625,230.41998291015625,0.997713565826416,651.8566284179688,233.647705078125,0.9999991655349731,631.73974609375,239.9444122314453,0.9999868869781494,623.844970703125,228.1930389404297,0.2550976574420929,641.2803344726562,240.13571166992188,0.0004991888999938965,640.2025146484375,247.14471435546875,0.6937968730926514,636.4475708007812,250.45643615722656,0.9679827690124512,622.8065795898438,245.7932586669922,0.9890182018280029,688.5487060546875,199.97763061523438,0.997538685798645,694.198486328125,185.62619018554688,0.9925193786621094,697.040771484375,191.41769409179688,0.9995850920677185,700.89208984375,186.85374450683594,0.9839257597923279,703.3253173828125,177.9801483154297,0.9844220876693726,706.7142333984375,173.1811065673828,0.990575909614563,693.9075317382812,176.64378356933594,0.998879075050354
117,789.730224609375,215.21287536621094,1.0,737.0130615234375,212.00350952148438,0.9999998807907104,736.8690185546875,220.14796447753906,0.9999994039535522,732.1253662109375,203.76235961914062,0.9999997615814209,674.3319091796875,206.51089477539062,0.9999373555183411,664.781982421875,217.2895965576172,0.9999964237213135,704.3155517578125,217.43910217285156,0.9999998807907104,669.4038696289062,211.09532165527344,0.9999992847442627,621.94091796875,196.47251892089844,1.0,566.2734375,198.48622131347656,1.0,719.6754150390625,191.89073181152344,0.9999805688858032,713.3828125,186.3376007080078,0.9999819993972778,713.0611572265625,179.24473571777344,0.9999586343765259,718.8533935546875,178.43511962890625,0.9999790191650391,719.9417724609375,185.03823852539062,0.9998112916946411,717.5595703125,188.78746032714844,0.9995527863502502,712.6524047851562,192.25982666015625,0.9987888932228088,732.2013549804688,231.51922607421875,0.9999786019325256,737.2323608398438,235.7603302001953,0.9999995231628418,736.26611328125,242.98416137695312,0.9999997615814209,743.1656494140625,242.07484436035156,0.9999998807907104,745.9324951171875,237.0157470703125,0.9999959468841553,744.4271240234375,231.76593017578125,0.9995914101600647,737.9384765625,231.5115203857422,0.9869400262832642,652.7094116210938,232.87379455566406,0.9999985694885254,631.739013671875,240.78692626953125,0.9999945163726807,623.4512939453125,229.2458038330078,0.5958144664764404,738.333984375,235.2786407470703,0.00032967329025268555,638.8090209960938,249.01669311523438,0.17886584997177124,635.064697265625,252.66111755371094,0.715548574924469,622.6527099609375,245.56614685058594,0.9558287858963013,691.1092529296875,199.95993041992188,0.9977281093597412,699.3512573242188,183.98463439941406,0.9987550973892212,698.5331420898438,190.92855834960938,0.9998083710670471,701.88525390625,186.59100341796875,0.9963331818580627,704.823486328125,177.52838134765625,0.9941917657852173,707.3449096679688,173.1073455810547,0.9942581057548523,694.0091552734375,176.85939025878906,0.9996497631072998
118,793.175537109375,216.97674560546875,0.9999998807907104,739.8013305664062,212.578369140625,1.0,739.9806518554688,220.74356079101562,0.9999992847442627,735.7938232421875,203.70928955078125,0.9999997019767761,676.6517944335938,207.25039672851562,0.999970555305481,669.4574584960938,218.11680603027344,0.9999886751174927,706.7554321289062,218.55250549316406,0.9999999403953552,672.4111328125,212.49356079101562,0.9999991059303284,626.4259643554688,197.27401733398438,0.9999999403953552,570.715087890625,199.47679138183594,0.9999999403953552,722.2788696289062,193.25213623046875,0.9999666810035706,714.2628784179688,187.16146850585938,0.9998483657836914,713.9965209960938,181.1592559814453,0.9997612237930298,719.0234985351562,179.855224609375,0.9999023675918579,719.9537353515625,185.73635864257812,0.9992444515228271,717.8438720703125,189.800537109375,0.9955393075942993,713.20751953125,193.824462890625,0.9917050004005432,734.240478515625,230.96963500976562,0.9999709129333496,737.2740478515625,236.20498657226562,0.9999986886978149,735.66650390625,243.1162567138672,0.9999994039535522,742.198974609375,242.13844299316406,0.9999999403953552,745.1924438476562,237.46656799316406,0.999995231628418,744.0275268554688,232.3511962890625,0.9991662502288818,737.85400390625,231.8974151611328,0.9384504556655884,655.1809692382812,232.76272583007812,0.9999995827674866,633.2650146484375,240.75741577148438,0.9999949932098389,624.9349365234375,230.24017333984375,0.48176056146621704,641.558837890625,240.68411254882812,0.0015222132205963135,639.2739868164062,249.67245483398438,0.5432484149932861,635.6694946289062,253.5040740966797,0.7749055624008179,622.8131713867188,245.80072021484375,0.959216833114624,694.8159790039062,200.02085876464844,0.9994294047355652,697.152587890625,186.91580200195312,0.9997754693031311,699.1187744140625,191.33056640625,0.9998087882995605,702.877685546875,188.0222930908203,0.99950110912323,705.4254760742188,179.28530883789062,0.999622106552124,706.2421264648438,174.35264587402344,0.9991668462753296,693.8311157226562,178.2402801513672,0.999933123588562
119,796.4295654296875,218.14663696289062,0.9999998211860657,741.94921875,213.34490966796875,0.9999998807907104,742.5927124023438,221.94287109375,0.9999992847442627,738.6512451171875,204.54171752929688,0.9999996423721313,679.23388671875,207.4554443359375,0.9999734163284302,671.32958984375,220.1270751953125,0.9999814629554749,709.5648803710938,217.7843475341797,0.9999998807907104,675.6466064453125,213.1321258544922,0.9999992847442627,626.8928833007812,197.80934143066406,0.9999999403953552,573.2540893554688,200.14146423339844,0.9999998807907104,725.5291137695312,192.04238891601562,0.9999339580535889,716.7843017578125,185.8330841064453,0.9947694540023804,715.1766967773438,184.3619842529297,0.9968529939651489,719.7822875976562,182.62176513671875,0.9982447624206543,720.8591918945312,186.57516479492188,0.8988059759140015,718.683837890625,192.55091857910156,0.9482604265213013,712.7453002929688,195.1653594970703,0.5475041270256042,736.8455200195312,230.72152709960938,0.9999616146087646,736.6644287109375,237.6735382080078,0.9999929666519165,735.6838989257812,243.66648864746094,0.9999994039535522,741.5820922851562,242.6743927001953,0.9999999403953552,745.2257690429688,239.6099090576172,0.9999860525131226,743.1831665039062,233.82814025878906,0.9972196221351624,736.390869140625,232.59182739257812,0.592755913734436,658.2513427734375,232.18621826171875,0.9999979138374329,635.863037109375,237.85159301757812,0.9999921321868896,625.1030883789062,232.2592010498047,0.05502721667289734,734.3846435546875,237.5264434814453,0.0003654062747955322,643.1552124023438,243.95010375976562,0.06796768307685852,633.9921264648438,248.03382873535156,0.2395631968975067,626.1705322265625,241.09158325195312,0.9483913779258728,696.2929077148438,200.8611602783203,0.9994903802871704,697.0325927734375,188.3269805908203,0.9999962449073792,698.6948852539062,193.63160705566406,0.9986493587493896,703.4896850585938,190.655517578125,0.9998887777328491,706.3491821289062,182.38876342773438,0.9999693036079407,703.505615234375,179.37820434570312,0.9998912811279297,691.6116333007812,179.92349243164062,0.999990701675415
120,799.452392578125,219.4244842529297,0.9999998807907104,747.9437255859375,214.6398468017578,0.9999996423721313,746.9424438476562,222.8821258544922,0.9999930262565613,746.7319946289062,206.61732482910156,0.9999996423721313,682.64306640625,207.49786376953125,0.9999517202377319,676.0714111328125,220.4893035888672,0.9999804496765137,714.3414306640625,216.3170166015625,0.9999996423721313,680.181884765625,213.8052215576172,0.9999938607215881,630.074951171875,199.35577392578125,0.9999998807907104,573.9609375,199.79537963867188,0.9999990463256836,735.897216796875,192.88128662109375,0.9999226331710815,726.5619506835938,183.95582580566406,0.9846984148025513,721.99169921875,183.57672119140625,0.3370448350906372,724.9873046875,181.82449340820312,0.8147637844085693,726.7113647460938,182.56521606445312,0.14318498969078064,722.6583251953125,195.45346069335938,0.04881083965301514,709.1383666992188,198.89425659179688,0.04089561104774475,740.6527099609375,230.4297332763672,0.9999821782112122,736.708740234375,237.33238220214844,0.9999925494194031,735.5497436523438,243.56497192382812,0.9999988079071045,741.592529296875,242.6512908935547,0.9999998807907104,744.1707153320312,239.087646484375,0.9999783039093018,743.064453125,234.25811767578125,0.993252158164978,735.4750366210938,233.4508514404297,0.38174140453338623,659.765380859375,232.493896484375,0.9999673962593079,637.3676147460938,237.76962280273438,0.9999898672103882,631.1553955078125,230.75791931152344,0.1409776210784912,643.8845825195312,238.72544860839844,0.0008516013622283936,644.0485229492188,243.61302185058594,0.06617951393127441,634.77001953125,248.11376953125,0.23584094643592834,626.4943237304688,240.44529724121094,0.963652491569519,698.982666015625,201.20547485351562,0.9995938539505005,697.0056762695312,187.947021484375,0.9999982714653015,699.04833984375,194.58102416992188,0.9633916020393372,704.8285522460938,192.39227294921875,0.9990406036376953,707.795654296875,184.15443420410156,0.9999897480010986,702.482177734375,179.0457000732422,0.9999797344207764,689.9074096679688,180.86431884765625,0.9999942779541016
121,803.2095336914062,219.6108856201172,1.0,751.5604248046875,214.95480346679688,0.9999992847442627,750.9578857421875,223.1295623779297,0.9999825954437256,752.0773315429688,207.1360626220703,0.9999995231628418,684.2589111328125,208.81369018554688,0.9999773502349854,679.0316772460938,220.43084716796875,0.999977171421051,718.224365234375,215.68557739257812,0.9999997019767761,681.75,214.12353515625,0.9999963045120239,631.687744140625,200.77394104003906,0.9999998807907104,573.2888793945312,200.49388122558594,0.9999988675117493,743.8839111328125,194.03797912597656,0.999958872795105,744.8768920898438,188.23782348632812,0.9995182752609253,738.4288940429688,185.20773315429688,0.9795494079589844,743.3804321289062,184.2751007080078,0.9190284013748169,747.262939453125,186.64556884765625,0.35291925072669983,750.15771484375,190.519287109375,0.039902687072753906,746.4453125,193.50399780273438,0.12440955638885498,742.8466186523438,229.65774536132812,0.9999934434890747,737.0839233398438,237.8192596435547,0.9999924898147583,735.4219360351562,243.9045867919922,0.999997079372406,742.6948852539062,242.88522338867188,0.9999995827674866,745.1640625,239.41737365722656,0.9999184012413025,742.9874877929688,234.7816162109375,0.9925087690353394,735.8373413085938,231.69363403320312,0.816938042640686,665.1658935546875,233.33204650878906,0.9999600052833557,639.3663940429688,239.1875762939453,0.9999691247940063,632.6201782226562,231.3316192626953,0.06668245792388916,651.0820922851562,236.85357666015625,0.0006318092346191406,656.859130859375,238.4708709716797,0.03686746954917908,634.9933471679688,249.07315063476562,0.3307759761810303,628.6937255859375,240.60507202148438,0.9842644929885864,700.1564331054688,200.69668579101562,0.9999145269393921,697.8623657226562,187.65408325195312,0.9999949932098389,699.8765258789062,195.03822326660156,0.8440515995025635,703.4921264648438,192.87461853027344,0.9990183115005493,708.7529907226562,184.65798950195312,0.999995231628418,703.0350952148438,179.19741821289062,0.9999843835830688,690.3204345703125,180.90101623535156,0.9999914169311523
122,806.970947265625,221.38345336914062,1.0,754.0615844726562,217.1563720703125,0.9999995827674866,751.2903442382812,224.54737854003906,0.9999960660934448,756.940185546875,209.18978881835938,0.9999999403953552,686.0747680664062,207.8153839111328,0.9999935626983643,681.6431884765625,219.9278564453125,0.9999633431434631,719.9778442382812,216.593994140625,0.9999994039535522,685.0540161132812,214.58013916015625,0.9999990463256836,633.995361328125,201.5646514892578,0.9999998211860657,578.107421875,199.36062622070312,0.9999996423721313,759.464111328125,198.91162109375,0.999984622001648,768.43408203125,194.65318298339844,0.9998165965080261,766.1851806640625,187.43392944335938,0.9637808799743652,769.555419921875,186.5483856201172,0.9606820940971375,772.4846801757812,190.12388610839844,0.9715598821640015,773.3418579101562,195.30157470703125,0.9598340392112732,770.4303588867188,199.5127410888672,0.7400404810905457,744.001220703125,231.2245635986328,0.9999215006828308,737.7164306640625,237.00912475585938,0.9999645352363586,734.82177734375,244.00970458984375,0.9999916553497314,742.6793823242188,243.5041046142578,0.9999988079071045,744.9518432617188,239.6564483642578,0.9996830821037292,742.4370727539062,234.27664184570312,0.9755107164382935,736.5609130859375,234.31846618652344,0.45005470514297485,668.5388793945312,232.98500061035156,0.9999992251396179,643.1632690429688,237.26756286621094,0.9999894499778748,636.0955810546875,228.73837280273438,0.020049721002578735,728.0198364257812,237.35028076171875,0.015607446432113647,646.7040405273438,245.7604217529297,0.021644234657287598,640.9141235351562,247.6582794189453,0.5782384872436523,632.5684204101562,239.32379150390625,0.9957454204559326,700.968017578125,199.7283477783203,0.9999687671661377,697.223388671875,187.91148376464844,0.9999940395355225,699.1547241210938,194.53712463378906,0.6445025205612183,702.9856567382812,192.0846710205078,0.998305082321167,707.4099731445312,184.80238342285156,0.9999775886535645,702.1817626953125,179.51182556152344,0.9999759793281555,689.8646850585938,181.3769989013672,0.999984860420227
123,811.1966552734375,222.93455505371094,0.9999998807907104,758.8419799804688,217.08346557617188,0.9999988079071045,755.0283203125,224.90924072265625,0.999999463558197,762.4012451171875,209.39622497558594,0.9999997615814209,689.9953002929688,207.04373168945312,0.9999997019767761,686.278076171875,220.060546875,0.9999948740005493,722.8975830078125,215.41903686523438,0.9999998807907104,687.9597778320312,214.32736206054688,0.9999998807907104,636.604736328125,201.86691284179688,0.999999463558197,581.2317504882812,198.75210571289062,0.9999998807907104,768.9796142578125,198.843505859375,0.9999936819076538,781.8651733398438,197.560546875,0.9999979734420776,781.7723388671875,190.23048400878906,0.9999104738235474,786.9548950195312,191.18572998046875,0.9999927282333374,789.3663940429688,196.76556396484375,0.9999995827674866,787.4205322265625,201.0404052734375,0.9999773502349854,781.0517578125,204.2806854248047,0.9992855787277222,747.3040771484375,230.30111694335938,0.9999704360961914,738.2313842773438,236.78713989257812,0.9999764561653137,736.1806030273438,244.0748291015625,0.999977707862854,743.5411376953125,243.40115356445312,0.9999920129776001,744.998779296875,239.14891052246094,0.9980708360671997,742.3743286132812,233.8161163330078,0.9632611274719238,737.4953002929688,234.7841033935547,0.6197526454925537,683.0218505859375,234.54896545410156,0.9999806880950928,658.5950927734375,233.2418212890625,0.9999785423278809,729.2512817382812,233.49867248535156,0.06293794512748718,732.9498901367188,238.46841430664062,0.15880417823791504,664.3619995117188,240.611572265625,0.14949151873588562,728.5916137695312,244.50376892089844,0.1729092299938202,649.1458129882812,235.58319091796875,0.9037215709686279,703.2498168945312,198.28953552246094,0.9999924302101135,697.820556640625,188.20574951171875,0.9999960660934448,700.1458129882812,195.22540283203125,0.36538389325141907,704.524658203125,192.20529174804688,0.9989492893218994,708.1638793945312,184.79457092285156,0.9999943971633911,702.9892578125,179.9209442138672,0.9999902248382568,691.4034423828125,180.61898803710938,0.9999935626983643
124,814.1399536132812,223.87939453125,0.9999996423721313,763.194091796875,218.4343719482422,0.9999973773956299,758.3380126953125,225.49453735351562,0.9999992847442627,766.6629028320312,210.40115356445312,0.9999994039535522,693.4796142578125,207.37725830078125,0.9999998807907104,690.242919921875,220.68348693847656,0.9999995827674866,727.0888671875,214.6481475830078,0.9999997615814209,691.4772338867188,214.39524841308594,1.0,639.6341552734375,202.79827880859375,0.9999996423721313,592.3986206054688,198.03546142578125,0.9999998807907104,777.3076782226562,198.28729248046875,0.9999958276748657,793.1295166015625,196.7673797607422,0.9999977946281433,791.7825317382812,189.748046875,0.9999709129333496,797.7967529296875,189.71400451660156,0.9999934434890747,801.041259765625,195.68240356445312,0.9999998211860657,798.3815307617188,201.3694305419922,0.9999924302101135,791.8211669921875,204.09176635742188,0.9996852874755859,748.7335815429688,230.40402221679688,0.9998823404312134,739.9910278320312,236.74871826171875,0.9999420642852783,737.5106201171875,243.91969299316406,0.9999722242355347,745.159423828125,242.65374755859375,0.9999688863754272,746.0462036132812,239.1153564453125,0.9880517721176147,743.2650756835938,234.53150939941406,0.9159644842147827,738.9309692382812,235.2001953125,0.530882716178894,688.8836059570312,234.1725616455078,0.9999906420707703,668.9601440429688,233.7298126220703,0.999988317489624,727.9623413085938,233.55178833007812,0.14760184288024902,732.3624267578125,237.90748596191406,0.5141818523406982,674.8858032226562,241.0504150390625,0.6625077128410339,672.2090454101562,244.11004638671875,0.9794152975082397,660.7427368164062,240.2100830078125,0.9884840846061707,706.1399536132812,197.62759399414062,0.9999972581863403,698.7105712890625,188.09573364257812,0.9999980926513672,699.6547241210938,194.22544860839844,0.15194526314735413,706.0599975585938,191.95419311523438,0.9982026815414429,708.78955078125,184.35446166992188,0.9999962449073792,704.0069580078125,179.8989715576172,0.9999946355819702,692.78759765625,180.3701171875,0.9999898672103882
125,817.2207641601562,225.38885498046875,1.0,767.2916870117188,219.4710235595703,0.9999988079071045,760.812744140625,225.87774658203125,0.9999992847442627,770.0446166992188,212.08706665039062,0.9999998807907104,695.6005859375,207.2970428466797,0.9999995827674866,697.2874145507812,220.6192169189453,0.9999982118606567,730.4990844726562,213.34898376464844,0.9999998807907104,696.936767578125,213.88450622558594,1.0,641.7048950195312,204.14649963378906,0.9999990463256836,593.202880859375,198.04283142089844,0.9999999403953552,780.3926391601562,199.142578125,0.9999997019767761,795.3141479492188,196.69940185546875,0.9999993443489075,795.2527465820312,188.56195068359375,0.9999911785125732,801.7693481445312,189.47023010253906,0.9999997615814209,804.3744506835938,195.54466247558594,1.0,801.6566772460938,201.5557403564453,0.9999991655349731,795.2918701171875,204.01258850097656,0.9999135732650757,750.532470703125,231.2973175048828,0.999807596206665,741.3483276367188,238.44949340820312,0.9999663829803467,739.2069091796875,243.21080017089844,0.9999760389328003,746.5748901367188,242.69342041015625,0.9998620748519897,746.3532104492188,239.674072265625,0.9955260157585144,744.5531005859375,237.2505340576172,0.9781174659729004,738.9031372070312,235.31346130371094,0.965822696685791,700.3920288085938,234.333740234375,0.999854326248169,688.7250366210938,240.48049926757812,0.999994695186615,725.31298828125,236.1885223388672,0.07975402474403381,731.4130249023438,237.87442016601562,0.28889358043670654,695.387939453125,243.8966827392578,0.6586521863937378,696.0502319335938,248.05743408203125,0.836887538433075,684.6580200195312,245.06724548339844,0.9853523373603821,707.5586547851562,195.45770263671875,0.9999967217445374,697.4260864257812,188.28524780273438,0.9999961853027344,697.3484497070312,193.81118774414062,0.2427109181880951,705.3870239257812,191.10186767578125,0.9968005418777466,708.7080688476562,184.287353515625,0.9999963045120239,703.651611328125,179.3031463623047,0.9999958276748657,692.2412109375,180.09661865234375,0.9999887943267822
126,819.7941284179688,227.02334594726562,1.0,768.96875,220.05258178710938,0.9999994039535522,763.0155029296875,227.01222229003906,0.9999998807907104,772.187744140625,213.2716522216797,0.9999998807907104,695.9702758789062,206.0697021484375,0.9999985098838806,700.7440795898438,220.7438507080078,0.9999979734420776,733.0360717773438,213.0106201171875,0.9999998807907104,698.6536254882812,213.6194305419922,1.0,644.8389892578125,205.6614532470703,0.9999996423721313,598.27294921875,198.38906860351562,1.0,781.6700439453125,199.90467834472656,0.999999463558197,796.4834594726562,197.47396850585938,0.9999988079071045,795.5442504882812,189.40406799316406,0.9999911785125732,801.9033203125,189.64300537109375,0.9999995827674866,804.8541870117188,195.6626739501953,0.9999999403953552,803.0654296875,201.82151794433594,0.9999986886978149,796.9209594726562,204.69430541992188,0.9999212026596069,752.6834106445312,233.1709442138672,0.9999666810035706,741.7430419921875,239.72816467285156,0.9999969601631165,739.5390625,243.4295196533203,0.999850869178772,745.6483154296875,243.2855224609375,0.9860055446624756,746.8656005859375,242.02835083007812,0.9599772095680237,746.3727416992188,240.92308044433594,0.9829028844833374,737.8560180664062,237.6273193359375,0.9982913732528687,709.5009765625,232.74520874023438,0.9999974966049194,701.5360717773438,245.0448760986328,0.9999701976776123,720.5401611328125,235.37364196777344,0.022318512201309204,724.0296020507812,238.3871612548828,0.4843294322490692,724.9974975585938,242.5156707763672,0.2403065264225006,711.4299926757812,251.20152282714844,0.8300462365150452,701.9929809570312,251.45501708984375,0.9139471054077148,707.7077026367188,193.70343017578125,0.9999916553497314,696.7865600585938,188.30453491210938,0.9999879598617554,697.015380859375,193.19895935058594,0.08991754055023193,705.7119750976562,190.93756103515625,0.9889743328094482,708.4515380859375,184.77203369140625,0.9999890327453613,703.640380859375,178.87892150878906,0.999994158744812,691.6624755859375,179.8181610107422,0.9999866485595703
127,822.7252807617188,226.1634063720703,1.0,770.5864868164062,220.6275177001953,0.9999997615814209,764.8521118164062,228.2419891357422,0.9999998807907104,774.1212158203125,213.84384155273438,0.9999999403953552,699.1887817382812,206.36239624023438,0.999999463558197,704.0009765625,220.93148803710938,0.9999997615814209,734.8867797851562,213.16421508789062,0.9999997615814209,701.2542114257812,213.8544921875,1.0,649.1563110351562,209.9683380126953,0.9999992847442627,601.2206420898438,199.70364379882812,0.9999998807907104,782.6048583984375,200.3688507080078,0.9999979734420776,796.432861328125,198.8712615966797,0.9999984502792358,795.360107421875,191.26556396484375,0.9999917149543762,801.2462768554688,191.32875061035156,0.9999991655349731,804.5218505859375,197.1876983642578,0.9999998807907104,803.135986328125,203.15731811523438,0.9999987483024597,797.0147705078125,205.78268432617188,0.9999163150787354,752.7959594726562,234.06507873535156,0.9999485015869141,741.7255249023438,239.914794921875,0.999741792678833,738.5657958984375,240.8157958984375,0.9531155824661255,745.5203857421875,242.35128784179688,0.27491438388824463,747.9305419921875,241.87545776367188,0.22361668944358826,746.9491577148438,241.066650390625,0.28276121616363525,739.2800903320312,238.9608154296875,0.9118479490280151,716.0883178710938,229.12086486816406,0.9999992847442627,715.9634399414062,244.51693725585938,0.9999936819076538,710.7616577148438,238.30557250976562,0.018093913793563843,722.1149291992188,239.14356994628906,0.9219863414764404,722.5372314453125,244.3868865966797,0.9362634420394897,722.3841552734375,251.56114196777344,0.9938138127326965,712.487060546875,251.52354431152344,0.9997121095657349,708.6871337890625,193.3925018310547,0.999992847442627,696.18017578125,187.50477600097656,0.9999802112579346,698.9296264648438,194.65451049804688,0.027484536170959473,706.7022705078125,189.7225799560547,0.9491339921951294,708.6884765625,184.19151306152344,0.9999817609786987,703.2542724609375,177.57945251464844,0.9999867677688599,691.1231689453125,179.70924377441406,0.9999861121177673
128,826.2861938476562,225.2431640625,1.0,773.42431640625,221.57505798339844,0.9999997615814209,767.0302124023438,228.87783813476562,0.9999995827674866,776.65869140625,214.1494903564453,0.9999997615814209,701.8516235351562,207.44012451171875,0.9999978542327881,706.1112670898438,221.81948852539062,0.9999999403953552,738.2080078125,213.1354522705078,0.9999997615814209,703.5999145507812,214.41226196289062,0.9999998807907104,650.7598266601562,211.14573669433594,0.9999990463256836,601.1393432617188,199.7448272705078,0.9999998807907104,783.1676025390625,200.7664031982422,0.9999972581863403,796.0692749023438,199.09413146972656,0.9999991655349731,794.9769897460938,191.4420166015625,0.9999920129776001,801.1863403320312,191.58169555664062,0.9999990463256836,804.213623046875,197.42433166503906,0.9999998807907104,802.4124755859375,203.3294677734375,0.9999990463256836,795.928466796875,205.7348175048828,0.9999644756317139,755.5084838867188,233.2704620361328,0.9999896287918091,743.4799194335938,239.2785186767578,0.9998087882995605,739.6700439453125,242.04869079589844,0.8527282476425171,749.3289794921875,242.28482055664062,0.18864095211029053,749.7731323242188,242.65374755859375,0.14049488306045532,749.928466796875,241.1652374267578,0.19382697343826294,741.8253173828125,238.16795349121094,0.9355998039245605,720.05810546875,228.982666015625,0.9999995231628418,724.9000244140625,243.54742431640625,0.9999987483024597,725.3479614257812,236.12335205078125,0.9710978865623474,732.8275756835938,239.2305145263672,0.9972349405288696,735.9552612304688,245.02230834960938,0.9989758729934692,732.5613403320312,251.31019592285156,0.9981119632720947,721.9930419921875,250.86146545410156,0.9999431371688843,708.7994384765625,193.417724609375,0.9999908208847046,694.3511962890625,187.36758422851562,0.9999959468841553,698.0155639648438,195.13233947753906,0.06841966509819031,705.8425903320312,189.90127563476562,0.9483567476272583,707.9696655273438,184.80625915527344,0.9999873638153076,702.7523193359375,177.73953247070312,0.9999916553497314,690.0718383789062,180.30276489257812,0.999994695186615
129,829.4763793945312,225.43109130859375,1.0,775.5525512695312,222.72056579589844,0.9999994039535522,768.9237670898438,229.88156127929688,0.9999998807907104,778.97216796875,214.93887329101562,0.9999998807907104,704.0787963867188,209.2359619140625,0.9999989867210388,709.9155883789062,222.1270751953125,0.9999995827674866,741.7736206054688,213.6105499267578,0.9999997019767761,706.1011352539062,215.93238830566406,0.9999998807907104,653.1787719726562,210.752685546875,0.9999995231628418,601.4519653320312,198.33995056152344,1.0,784.3834838867188,200.49794006347656,0.9999986886978149,795.8016967773438,199.16256713867188,0.9999995231628418,795.2869873046875,191.2199249267578,0.9999867677688599,801.2056884765625,191.51388549804688,0.9999985694885254,803.9364013671875,197.511474609375,0.9999998211860657,801.7710571289062,203.13478088378906,0.9999992847442627,795.486083984375,205.71205139160156,0.9999881982803345,758.4517211914062,233.75595092773438,0.9999679327011108,746.615478515625,239.90467834472656,0.9994015097618103,744.9476928710938,244.02052307128906,0.6899305582046509,751.6216430664062,242.63648986816406,0.5783246159553528,751.65673828125,242.1835479736328,0.15650314092636108,752.2200317382812,241.11817932128906,0.07416188716888428,745.7554931640625,237.7657012939453,0.6326992511749268,724.654052734375,229.0607147216797,0.9999991655349731,731.8438720703125,243.12855529785156,0.9999891519546509,732.6032104492188,236.26023864746094,0.9974551200866699,737.5255737304688,239.20358276367188,0.9999520778656006,740.8599243164062,245.57260131835938,0.9999945759773254,738.0836181640625,251.25723266601562,0.9999736547470093,726.1248168945312,250.09503173828125,0.999972403049469,709.8792724609375,193.33265686035156,0.9999943971633911,695.0075073242188,187.17391967773438,0.9999988079071045,699.2402954101562,195.46945190429688,0.15765905380249023,706.3651123046875,190.07754516601562,0.9870884418487549,708.5402221679688,185.15138244628906,0.9999974966049194,703.5709228515625,176.99559020996094,0.9999974966049194,690.1838989257812,180.19192504882812,0.9999988675117493
130,831.4703369140625,226.33837890625,1.0,777.0172729492188,223.18682861328125,0.9999988079071045,770.2743530273438,230.99356079101562,0.9999997615814209,780.735595703125,215.78453063964844,0.9999998807907104,706.4086303710938,209.75128173828125,0.999999463558197,711.9868774414062,221.99359130859375,0.9999992251396179,743.7831420898438,214.15496826171875,0.9999979734420776,708.4971923828125,216.04287719726562,1.0,654.4078369140625,209.9424285888672,0.9999994039535522,601.3593139648438,198.88223266601562,1.0,785.3382568359375,201.4879608154297,0.9999994039535522,795.5431518554688,199.60955810546875,0.9999993443489075,794.6993408203125,191.9578399658203,0.9999639391899109,800.673583984375,191.56263732910156,0.9999967813491821,803.7445068359375,197.16424560546875,0.9999997019767761,801.8403930664062,202.9428253173828,0.9999983906745911,796.0477905273438,205.808349609375,0.9999829530715942,760.5859985351562,234.96041870117188,0.9998263716697693,748.1139526367188,240.43109130859375,0.9965205192565918,745.3685302734375,241.9202880859375,0.5755484104156494,753.0713500976562,243.50765991210938,0.47795772552490234,751.927978515625,242.4798126220703,0.16897690296173096,751.4410400390625,241.95956420898438,0.13332462310791016,747.22509765625,239.2521209716797,0.7878936529159546,726.5848999023438,228.86239624023438,0.9999986886978149,731.4541015625,243.98143005371094,0.9999867677688599,732.3556518554688,236.96873474121094,0.9973821043968201,738.6390380859375,240.07618713378906,0.9999817609786987,741.337646484375,247.3694610595703,0.9999950528144836,737.449951171875,254.9114227294922,0.999951958656311,724.3302612304688,252.05548095703125,0.9999656677246094,710.4491577148438,192.8834228515625,0.9999940395355225,695.1487426757812,187.74371337890625,0.9999994039535522,697.3748168945312,194.05703735351562,0.1634351909160614,706.1968994140625,189.98806762695312,0.9785796403884888,708.0114135742188,185.628662109375,0.9999980926513672,703.2421875,177.3023223876953,0.9999984502792358,689.718505859375,180.87742614746094,0.9999988079071045
131,832.9375610351562,227.9711456298828,1.0,779.12646484375,224.07177734375,0.9999996423721313,774.3363037109375,231.55580139160156,0.9999991655349731,783.3379516601562,216.42994689941406,0.9999998807907104,709.4581909179688,209.34326171875,0.9999997615814209,713.6295166015625,220.45199584960938,0.9999998211860657,744.5286865234375,214.77735900878906,0.999999463558197,711.1882934570312,215.72735595703125,1.0,655.3991088867188,210.6234130859375,0.9999990463256836,599.7966918945312,198.91664123535156,1.0,786.0711669921875,202.71780395507812,0.9999994039535522,795.6591186523438,200.82899475097656,0.9999987483024597,793.781494140625,193.7528076171875,0.9999399185180664,799.9163818359375,191.8942413330078,0.9999923706054688,803.8070678710938,197.2128448486328,0.9999994039535522,802.1578979492188,203.40823364257812,0.9999961256980896,797.0130004882812,207.13731384277344,0.9999756813049316,761.9346923828125,235.97328186035156,0.9993482828140259,747.0032958984375,241.66209411621094,0.9585036635398865,743.6309814453125,243.51478576660156,0.042154014110565186,755.998046875,240.5775604248047,0.002869218587875366,752.42236328125,243.189208984375,0.0017324984073638916,823.8458251953125,236.65115356445312,0.0018193721771240234,745.3172607421875,239.28240966796875,0.4391824007034302,726.7582397460938,231.4677276611328,0.9999994039535522,722.7047119140625,247.11874389648438,0.9999909400939941,723.3330688476562,240.5529327392578,0.0430736243724823,730.4248046875,243.15411376953125,0.9033706188201904,731.9805297851562,247.2554473876953,0.9988505244255066,729.0556030273438,254.59942626953125,0.999925434589386,718.593017578125,254.51226806640625,0.9998959302902222,710.2853393554688,192.7401123046875,0.9999940395355225,694.9386596679688,188.40780639648438,0.9999995827674866,697.4918823242188,194.906005859375,0.06212833523750305,705.8108520507812,189.0824737548828,0.8263170719146729,706.8350219726562,185.2210693359375,0.9999924898147583,702.0588989257812,177.7180938720703,0.9999991655349731,689.1239013671875,181.0959014892578,0.9999983310699463
132,834.4924926757812,228.1664581298828,1.0,781.52294921875,224.9376220703125,0.9999997615814209,776.5970458984375,232.35336303710938,0.9999948740005493,784.4932861328125,217.42234802246094,0.9999994039535522,713.4119873046875,210.43789672851562,0.9999997615814209,716.2850952148438,221.01499938964844,0.9999998807907104,747.0492553710938,216.6267547607422,0.9999992847442627,713.9924926757812,216.2088623046875,0.9999999403953552,658.582275390625,210.8815155029297,0.9999999403953552,609.8165893554688,201.80860900878906,0.9999998807907104,787.0338745117188,203.42239379882812,0.9999992251396179,796.02587890625,201.27928161621094,0.9999977350234985,793.057373046875,195.01951599121094,0.9999074935913086,798.9674072265625,191.7606658935547,0.9999831914901733,803.6793212890625,196.7403564453125,0.999998927116394,802.7542724609375,203.58392333984375,0.9999923706054688,797.7486572265625,207.6363983154297,0.99996417760849,763.8966064453125,237.07676696777344,0.9994945526123047,750.5345458984375,240.09622192382812,0.9784059524536133,746.9478149414062,243.7263946533203,0.257757306098938,756.2313232421875,243.11048889160156,0.00483587384223938,755.7505493164062,243.2575225830078,0.0013417303562164307,755.4022216796875,241.3992919921875,0.0020968616008758545,749.3565063476562,239.33041381835938,0.4090837836265564,729.1714477539062,232.6616973876953,0.9999946355819702,720.8302001953125,247.8048553466797,0.9999841451644897,729.3805541992188,237.51983642578125,0.0846918523311615,730.2494506835938,240.41542053222656,0.8577179908752441,730.25732421875,247.77337646484375,0.998165488243103,725.9591674804688,256.5826416015625,0.9999524354934692,712.7990112304688,254.5350799560547,0.9997456669807434,710.8593139648438,193.3288116455078,0.9999885559082031,695.3642578125,188.7228240966797,0.9999992847442627,697.9138793945312,195.52394104003906,0.17314556241035461,705.51806640625,189.62655639648438,0.8146543502807617,706.581787109375,185.43663024902344,0.9999923706054688,701.9267578125,178.05332946777344,0.9999990463256836,688.6597290039062,181.7010498046875,0.9999972581863403
133,837.6389770507812,229.1080322265625,1.0,783.9677124023438,226.4542999267578,1.0,780.2803955078125,234.1195831298828,0.999999463558197,786.5602416992188,218.6165771484375,0.9999998807907104,716.4336547851562,210.3430938720703,0.9999999403953552,719.2850952148438,223.22569274902344,0.9999995231628418,750.7069702148438,218.82424926757812,0.9999974966049194,717.3551025390625,216.38551330566406,0.9999998807907104,662.547607421875,210.90391540527344,0.9999997615814209,611.683349609375,201.97976684570312,0.9999998807907104,788.3792114257812,203.9515838623047,0.9999985098838806,796.2594604492188,201.40406799316406,0.9999971389770508,793.1255493164062,195.42088317871094,0.9997265338897705,798.7871704101562,191.99293518066406,0.9999734163284302,803.682373046875,196.74557495117188,0.999998152256012,802.6319580078125,203.9080352783203,0.9999932050704956,798.0414428710938,207.7905731201172,0.9999211430549622,769.581298828125,240.30813598632812,0.9999817609786987,757.4671020507812,245.94207763671875,0.9999713897705078,752.407958984375,250.82025146484375,0.9893677234649658,762.2227783203125,252.3933868408203,0.06909191608428955,764.8234252929688,248.50856018066406,0.011854618787765503,762.7246704101562,244.81069946289062,0.010160565376281738,756.0194091796875,240.2677001953125,0.9662725329399109,731.30712890625,236.06826782226562,0.999984622001648,720.1373901367188,248.800537109375,0.9999793767929077,733.7846069335938,239.8858642578125,0.017847716808319092,729.56103515625,245.34461975097656,0.6772053837776184,730.89892578125,249.59860229492188,0.9995054006576538,726.766845703125,258.1605529785156,0.9999871253967285,711.7494506835938,255.16915893554688,0.99996018409729,711.1341552734375,193.1743927001953,0.9999877214431763,695.3705444335938,188.45054626464844,0.999999463558197,697.4026489257812,196.91262817382812,0.1371641457080841,705.64453125,189.65216064453125,0.9640104174613953,706.9744262695312,185.907470703125,0.999997615814209,702.5042724609375,177.98794555664062,0.9999997615814209,688.231201171875,181.54672241210938,0.9999987483024597
134,842.6473999023438,230.15869140625,1.0,787.8189697265625,226.90907287597656,0.9999999403953552,787.7041015625,236.28390502929688,0.9999997019767761,791.344482421875,218.82659912109375,0.9999997615814209,720.3493041992188,211.36329650878906,0.9999998807907104,722.2708740234375,223.9463653564453,0.9999999403953552,755.126220703125,219.94947814941406,0.9999999403953552,721.1734008789062,217.71238708496094,1.0,667.7310180664062,210.39393615722656,0.9999995231628418,618.96044921875,202.77049255371094,0.9999998807907104,789.6026000976562,204.65924072265625,0.9999938011169434,797.6096801757812,201.6985321044922,0.999994158744812,793.0836181640625,197.37290954589844,0.9994036555290222,798.0852661132812,192.65402221679688,0.9996508955955505,803.7237548828125,196.6171417236328,0.9999624490737915,803.758544921875,203.4941864013672,0.9998712539672852,799.0285034179688,208.65411376953125,0.9983673095703125,781.45849609375,243.6333465576172,0.9999512434005737,778.1517944335938,256.2432861328125,0.9993531703948975,775.1201171875,259.4454345703125,0.9980287551879883,779.9508056640625,261.98101806640625,0.9875855445861816,782.3272705078125,259.29339599609375,0.9734797477722168,782.970947265625,254.56118774414062,0.37775683403015137,782.6495361328125,248.2296600341797,0.04734236001968384,732.103271484375,237.69091796875,0.9999978542327881,718.1600341796875,247.87037658691406,0.9999207258224487,719.4863891601562,241.8411865234375,0.005104035139083862,727.6594848632812,245.81150817871094,0.2559087872505188,727.1958618164062,251.3654022216797,0.9997267723083496,722.8947143554688,258.9551086425781,0.9999815225601196,708.3549194335938,254.20236206054688,0.9999547004699707,715.6453247070312,193.66661071777344,0.9999948740005493,696.73779296875,188.5350799560547,0.9999989867210388,702.9295043945312,196.5515594482422,0.33209937810897827,707.1488037109375,189.77940368652344,0.951891303062439,707.7493286132812,186.2173309326172,0.999996542930603,702.9956665039062,178.865478515625,0.9999998807907104,689.7509155273438,181.60916137695312,0.999998927116394
135,848.6174926757812,232.06048583984375,1.0,795.13671875,226.94509887695312,0.9999986290931702,796.4307861328125,235.95660400390625,0.9999790787696838,796.7386474609375,218.9302978515625,0.9999985694885254,725.398681640625,211.98751831054688,0.9999998807907104,725.6549072265625,223.28857421875,0.9999997019767761,761.3330688476562,221.77247619628906,0.9999997615814209,725.0707397460938,217.6035614013672,1.0,674.0699462890625,209.97836303710938,0.999999463558197,622.5863647460938,204.04519653320312,0.9999995231628418,792.3095703125,205.7456512451172,0.9998942017555237,798.7438354492188,203.33712768554688,0.9999828338623047,793.360107421875,199.1861572265625,0.9984056949615479,799.2149658203125,194.67222595214844,0.9986941814422607,802.7741088867188,197.62657165527344,0.9996547102928162,803.3591918945312,203.9310302734375,0.9988389015197754,800.6427001953125,208.94920349121094,0.9513030648231506,792.1752319335938,243.2639923095703,0.9998952150344849,798.3366088867188,251.18130493164062,0.9999390244483948,798.0179443359375,256.2687072753906,0.9994020462036133,800.76513671875,255.5153350830078,0.9974969625473022,805.4015502929688,253.39205932617188,0.9994732141494751,804.853515625,249.8585662841797,0.9857943654060364,799.5645141601562,244.42019653320312,0.9468790292739868,733.569580078125,238.9280548095703,0.999993622303009,717.6480712890625,247.8470916748047,0.999963641166687,788.6563720703125,201.530029296875,0.007319778203964233,727.9022216796875,246.58981323242188,0.22241199016571045,727.4775390625,253.09022521972656,0.99986732006073,721.791259765625,259.60888671875,0.9999734163284302,707.4363403320312,254.0254669189453,0.9999339580535889,716.41943359375,194.7972869873047,0.9999935626983643,697.3178100585938,188.5334930419922,0.9999986886978149,702.2106323242188,195.19703674316406,0.5860547423362732,706.1971435546875,189.68792724609375,0.9941214323043823,706.099853515625,185.9032440185547,0.9999978542327881,701.4863891601562,180.03587341308594,0.9999997615814209,688.888427734375,183.1575164794922,0.9999935626983643
136,854.9949340820312,232.57701110839844,0.9999998807907104,803.1987915039062,228.54049682617188,1.0,804.798583984375,237.97311401367188,0.9999997615814209,804.068359375,219.9996795654297,0.9999999403953552,730.1226196289062,212.2918243408203,0.9999997615814209,730.0144653320312,223.78396606445312,0.9999985694885254,765.9185791015625,222.5746612548828,0.9999997615814209,730.543701171875,216.95013427734375,0.9999997615814209,678.8749389648438,210.20584106445312,0.9999995231628418,625.3558349609375,203.49485778808594,0.9999999403953552,796.4066772460938,208.6964111328125,0.9999827146530151,799.38037109375,204.30609130859375,0.999976396560669,795.0137939453125,198.82489013671875,0.9998242855072021,799.6742553710938,195.3594970703125,0.9998820424079895,803.4178466796875,198.9939422607422,0.9999268651008606,803.94189453125,205.44081115722656,0.999445915222168,800.11376953125,209.48605346679688,0.9770251512527466,805.7398681640625,246.6210174560547,0.9997164607048035,816.033935546875,253.21600341796875,0.9999371767044067,817.8580322265625,257.1678466796875,0.9859750270843506,819.67431640625,256.65484619140625,0.9897511005401611,823.4940795898438,253.26438903808594,0.9962641000747681,821.1259765625,249.96632385253906,0.9701333045959473,816.78857421875,247.1932373046875,0.7776795029640198,734.419677734375,239.3582305908203,0.9999915957450867,718.2528076171875,248.47984313964844,0.9999902248382568,716.611328125,238.9873809814453,0.0011194050312042236,728.6640014648438,247.64125061035156,0.022982686758041382,728.4533081054688,254.40740966796875,0.9994210004806519,723.318603515625,260.1055603027344,0.9999321699142456,708.8568725585938,254.56744384765625,0.999238908290863,717.044677734375,196.3538360595703,0.9999821186065674,698.5343017578125,189.4564971923828,0.9999953508377075,700.78857421875,197.103515625,0.5858062505722046,707.7506713867188,190.80865478515625,0.9970334768295288,707.5428466796875,186.47537231445312,0.9999992251396179,702.1717529296875,180.65771484375,0.9999999403953552,689.5819702148438,183.74830627441406,0.9999979138374329
137,861.1644897460938,231.79359436035156,1.0,805.1986694335938,230.09104919433594,1.0,807.1920166015625,239.3162078857422,0.9999990463256836,805.2210693359375,221.07154846191406,1.0,736.1971435546875,212.6319122314453,0.9999998807907104,735.4794311523438,223.4604949951172,0.9999986886978149,767.717529296875,223.2959747314453,0.9999998807907104,735.200927734375,218.46995544433594,1.0,685.7405395507812,211.7296905517578,0.9999958872795105,630.8999633789062,202.8486328125,1.0,797.796142578125,207.68190002441406,0.9999957084655762,798.2903442382812,202.4126434326172,0.9999904632568359,796.0831298828125,196.1488037109375,0.9999783039093018,799.9219360351562,194.47616577148438,0.9999765753746033,803.1705932617188,198.4072265625,0.9999756813049316,803.9014282226562,203.60610961914062,0.9994163513183594,799.7169799804688,207.69549560546875,0.996607780456543,816.5419311523438,248.74774169921875,0.9981065392494202,831.5303344726562,254.53594970703125,0.9999864101409912,833.8838500976562,259.6858215332031,0.9996858835220337,837.2930297851562,257.73223876953125,0.9996793270111084,839.4650268554688,254.2043914794922,0.9989593029022217,837.2766723632812,250.7196044921875,0.9848077893257141,832.1988525390625,247.40415954589844,0.9538154602050781,735.6326904296875,240.69021606445312,0.9999964833259583,718.7987060546875,246.93789672851562,0.9999884366989136,714.3683471679688,239.46958923339844,0.001205354928970337,731.3892822265625,245.1039276123047,0.0007859468460083008,729.3988647460938,254.0198211669922,0.9938380122184753,724.1640625,259.70025634765625,0.9994649291038513,707.8876342773438,253.28875732421875,0.9977045059204102,723.7085571289062,197.73587036132812,0.9997882843017578,700.923583984375,188.3616180419922,0.9999938011169434,704.13330078125,194.5648956298828,0.23663273453712463,709.9599609375,190.1153564453125,0.9963510036468506,708.78369140625,185.62472534179688,0.9999991059303284,703.1021118164062,180.40023803710938,0.9999999403953552,692.3389282226562,184.11280822753906,0.9999990463256836
138,863.332763671875,231.20272827148438,1.0,807.6853637695312,229.4231414794922,0.9999999403953552,812.0108032226562,238.9096221923828,0.9999971389770508,806.6875,219.95787048339844,1.0,739.5018920898438,213.8680419921875,1.0,736.3621215820312,225.55523681640625,1.0,773.484130859375,224.2257080078125,1.0,738.3998413085938,220.03900146484375,1.0,689.8336791992188,208.30125427246094,0.999999463558197,636.5228881835938,203.15841674804688,1.0,799.4617919921875,207.86773681640625,0.9999942183494568,799.3389282226562,201.99246215820312,0.9999896883964539,796.47607421875,195.4991912841797,0.9999592304229736,800.648681640625,193.66050720214844,0.9999501705169678,803.547607421875,197.9053955078125,0.9999105930328369,804.3687744140625,202.22946166992188,0.9974151253700256,801.3217163085938,206.65533447265625,0.9970799684524536,819.6099243164062,248.27291870117188,0.9999009370803833,835.7327270507812,256.1425476074219,0.9999997615814209,835.0306396484375,263.7676086425781,0.9999817609786987,839.7596435546875,263.6982421875,0.9999862909317017,844.5193481445312,258.5269470214844,0.9999986886978149,843.21533203125,252.52828979492188,0.9999552965164185,837.4650268554688,249.8049774169922,0.9997272491455078,738.1847534179688,241.14405822753906,0.9999994039535522,717.6507568359375,246.89346313476562,0.9999818205833435,831.9525146484375,254.14511108398438,0.0016226768493652344,728.3264770507812,246.12220764160156,0.00020611286163330078,727.8876342773438,254.44900512695312,0.9867724776268005,722.9015502929688,260.1047668457031,0.9976806044578552,706.0123901367188,251.89955139160156,0.9973428249359131,735.8073120117188,198.29335021972656,0.9999616146087646,711.270263671875,190.78286743164062,0.9999674558639526,721.9102783203125,198.04010009765625,0.15744370222091675,729.3919677734375,193.16851806640625,0.16664376854896545,719.126953125,184.40245056152344,0.9904067516326904,709.0304565429688,184.14036560058594,0.9999881982803345,702.99951171875,189.71409606933594,0.9998850226402283
139,864.1419067382812,230.78543090820312,1.0,811.3054809570312,228.33883666992188,0.9999998807907104,813.37255859375,237.5714874267578,0.9999931454658508,808.5886840820312,218.88389587402344,0.9999998807907104,741.559814453125,212.6168212890625,1.0,736.9208984375,224.24472045898438,0.9999998211860657,775.6204833984375,224.43115234375,0.9999999403953552,740.4573364257812,217.9567413330078,1.0,687.4669799804688,203.97584533691406,0.9999994039535522,639.307861328125,202.6264190673828,0.9999999403953552,801.210205078125,207.02651977539062,0.9999971389770508,798.9634399414062,200.9512481689453,0.9999886751174927,796.1710815429688,195.4888916015625,0.9999033212661743,800.125244140625,193.9759521484375,0.9998329877853394,803.5784301757812,197.17315673828125,0.9992035627365112,803.9058227539062,201.81190490722656,0.9672027826309204,801.1395263671875,205.87635803222656,0.9777114391326904,817.6613159179688,248.07981872558594,0.9998643398284912,830.8008422851562,257.6815490722656,0.9999987483024597,829.5578002929688,265.0119323730469,0.9997870922088623,832.8992309570312,265.1727294921875,0.9999775886535645,839.0325927734375,259.86956787109375,0.9999969005584717,836.4967651367188,255.0647430419922,0.9999747276306152,832.568115234375,251.45718383789062,0.9991384148597717,737.9420166015625,241.09628295898438,0.999998152256012,716.3484497070312,247.30853271484375,0.9999887943267822,714.9675903320312,235.51600646972656,0.005039900541305542,835.7930297851562,254.62945556640625,0.0005458295345306396,726.9144897460938,253.92092895507812,0.9628351926803589,723.3920288085938,260.04095458984375,0.9979584217071533,706.5802612304688,251.7320556640625,0.9980369806289673,741.0546264648438,197.0709686279297,0.9999278783798218,716.6724853515625,189.48886108398438,0.9999867677688599,726.3057250976562,198.901611328125,0.049782246351242065,725.15478515625,189.89515686035156,0.03676658868789673,723.3908081054688,186.12353515625,0.8274130821228027,715.5042724609375,181.09007263183594,0.999843418598175,708.8780517578125,186.7730712890625,0.9996602535247803
140,865.413330078125,230.73204040527344,1.0,812.5382690429688,227.827880859375,0.9999998807907104,814.0595092773438,236.619384765625,0.9999908804893494,810.1701049804688,218.8377227783203,0.9999996423721313,744.0821533203125,213.94729614257812,1.0,738.7096557617188,226.17263793945312,0.9999999403953552,777.6065063476562,224.18031311035156,1.0,742.2849731445312,219.6443328857422,1.0,692.1583862304688,204.80442810058594,1.0,640.1729125976562,204.0410919189453,1.0,802.3972778320312,206.43991088867188,0.9999954700469971,798.687744140625,200.2686004638672,0.9999953508377075,795.782958984375,194.8284149169922,0.9999072551727295,799.6085815429688,193.84434509277344,0.9998496770858765,803.378662109375,196.6532440185547,0.9984473586082458,803.3547973632812,201.63720703125,0.9424634575843811,799.950439453125,205.66738891601562,0.9636051654815674,817.142822265625,248.0912628173828,0.9998795986175537,830.0704956054688,257.6162414550781,0.9999982118606567,829.3016357421875,265.1536865234375,0.9996427297592163,832.7952270507812,265.4693908691406,0.9999649524688721,838.4989013671875,259.9405822753906,0.9999969005584717,835.9517822265625,254.9525909423828,0.9999666810035706,831.9149169921875,251.45355224609375,0.9977964162826538,737.4412841796875,241.7444305419922,0.9999979138374329,715.0260620117188,246.99058532714844,0.9999815821647644,707.4337768554688,237.23585510253906,0.0012315809726715088,835.449951171875,254.67782592773438,0.0006972849369049072,726.182861328125,253.94996643066406,0.9458721876144409,723.4154052734375,260.3976745605469,0.9917283654212952,705.6275634765625,251.24066162109375,0.9913885593414307,748.406982421875,200.69410705566406,0.9999974966049194,735.9998168945312,191.9680938720703,0.9999974966049194,739.5707397460938,200.039794921875,0.23590019345283508,741.358154296875,196.2489471435547,0.8184570074081421,742.8549194335938,188.0552520751953,0.9830865263938904,735.1282958984375,185.15443420410156,0.9995032548904419,728.3281860351562,187.27572631835938,0.9999657869338989
141,867.2122192382812,229.6778564453125,1.0,813.4628295898438,227.61785888671875,0.9999998807907104,814.8377075195312,236.16650390625,0.999992847442627,810.3310546875,219.08450317382812,0.9999997615814209,747.7666625976562,212.598876953125,0.9999997615814209,741.0341796875,226.40664672851562,0.9999997019767761,779.3783569335938,225.20408630371094,1.0,744.4536743164062,219.29135131835938,0.9999998807907104,694.986328125,204.61427307128906,0.9999997615814209,642.3961181640625,203.22360229492188,1.0,803.2075805664062,205.37692260742188,0.9999954104423523,797.7503662109375,199.23153686523438,0.9999933242797852,794.432373046875,194.90374755859375,0.9996451139450073,798.2317504882812,193.62451171875,0.9993764162063599,802.101806640625,195.98446655273438,0.9927822351455688,802.9035034179688,200.29653930664062,0.6864796876907349,800.1495971679688,203.9317626953125,0.86036217212677,817.682373046875,248.10049438476562,0.9999278783798218,830.4700927734375,257.31170654296875,0.9999978542327881,829.4673461914062,264.57696533203125,0.999660849571228,833.1033325195312,265.3011474609375,0.9999538660049438,838.8650512695312,259.56744384765625,0.9999956488609314,836.3623657226562,254.40887451171875,0.9999597072601318,832.0573120117188,251.30943298339844,0.9966390132904053,738.2059936523438,241.34036254882812,0.999997615814209,714.8762817382812,246.9943389892578,0.9999682903289795,707.7957153320312,237.71096801757812,0.004657924175262451,729.1680297851562,248.99041748046875,0.0013926923274993896,726.2012329101562,254.82711791992188,0.9885003566741943,723.1868896484375,260.71160888671875,0.993256151676178,706.0191650390625,250.99380493164062,0.9913933277130127,756.5504760742188,202.3384246826172,0.9999997615814209,745.396728515625,191.41351318359375,0.9999986886978149,749.2581176757812,198.85055541992188,0.4223349690437317,751.8005981445312,194.48191833496094,0.9948838353157043,753.7697143554688,187.11813354492188,0.999893307685852,747.8817749023438,183.94728088378906,0.9999948740005493,739.3155517578125,184.66529846191406,0.9999922513961792
142,869.0499877929688,229.4526824951172,1.0,815.6142578125,227.95574951171875,0.9999998807907104,817.0055541992188,236.39596557617188,0.9999986886978149,811.5608520507812,219.3824005126953,0.9999998211860657,751.528564453125,213.46241760253906,0.9999997019767761,744.048095703125,226.97610473632812,0.9999933242797852,782.070556640625,226.77880859375,1.0,747.5621948242188,219.82461547851562,0.9999997615814209,697.376220703125,204.8132781982422,0.9999996423721313,642.270751953125,202.9052276611328,1.0,803.9824829101562,205.30101013183594,0.999995768070221,796.0377807617188,199.10060119628906,0.9999962449073792,792.6499633789062,194.94674682617188,0.9997334480285645,797.16943359375,193.9738006591797,0.997846245765686,801.068603515625,196.55380249023438,0.9747145175933838,801.9703979492188,200.4298095703125,0.6542037725448608,798.3009643554688,204.24078369140625,0.817173182964325,818.5383911132812,248.8148193359375,0.9999508857727051,830.4161376953125,257.5017395019531,0.999998927116394,829.435791015625,264.36309814453125,0.999879002571106,833.79541015625,265.6300048828125,0.9999894499778748,838.7752075195312,259.7872314453125,0.9999983310699463,836.04248046875,254.4678192138672,0.99997878074646,831.325927734375,251.78729248046875,0.997162938117981,739.2894287109375,241.75143432617188,0.9999986290931702,715.6342163085938,247.01513671875,0.9999837279319763,712.2777099609375,239.90435791015625,0.012114167213439941,728.6793823242188,249.00906372070312,0.0039986371994018555,726.218994140625,254.34780883789062,0.9771099090576172,722.5906982421875,259.67291259765625,0.9879541397094727,707.1355590820312,250.895751953125,0.966922402381897,763.0509033203125,206.06948852539062,0.9999921917915344,755.6349487304688,193.99081420898438,0.9999996423721313,759.836669921875,200.2618408203125,0.38810476660728455,764.0340576171875,195.44496154785156,0.9965192079544067,763.0904541015625,188.0707244873047,0.9999299049377441,757.9518432617188,186.86444091796875,0.9999713897705078,749.6724853515625,186.1349639892578,0.9999395608901978
143,871.3389282226562,229.76878356933594,1.0,818.2937622070312,228.70741271972656,0.9999998807907104,819.0534057617188,236.801513671875,0.9999992847442627,813.9027709960938,220.00074768066406,0.9999998807907104,754.1719360351562,213.2957000732422,0.9999992847442627,745.147216796875,226.98959350585938,0.9999975562095642,783.886474609375,227.6113739013672,1.0,750.13232421875,219.95838928222656,0.9999997615814209,700.5012817382812,204.6744842529297,0.9999967217445374,642.1800537109375,203.59214782714844,1.0,805.432373046875,204.81619262695312,0.9999976754188538,795.2337646484375,199.1403350830078,0.9999925494194031,793.3078002929688,194.50436401367188,0.9993710517883301,797.5460205078125,194.295166015625,0.9929070472717285,801.021484375,197.63394165039062,0.9188176393508911,801.2932739257812,202.69166564941406,0.3695184588432312,795.2078857421875,204.65621948242188,0.6891604661941528,818.6787109375,248.90228271484375,0.9999749660491943,830.267578125,257.03631591796875,0.9999992847442627,829.1846313476562,263.87548828125,0.9999524354934692,833.7364501953125,264.2884216308594,0.9999912977218628,838.6934814453125,259.4799499511719,0.9999984502792358,836.306396484375,254.05702209472656,0.9999760389328003,831.1767578125,251.10903930664062,0.9959605932235718,740.0785522460938,242.3928985595703,0.9999994039535522,716.6455078125,247.9473419189453,0.9999767541885376,706.9948120117188,239.5198974609375,0.051543980836868286,729.3413696289062,249.92845153808594,0.004033118486404419,726.5578002929688,255.27188110351562,0.9563539624214172,722.1402587890625,259.7773132324219,0.9809954166412354,707.5131225585938,251.26475524902344,0.9702577590942383,765.8328857421875,206.64935302734375,0.9999899864196777,764.3477172851562,193.37095642089844,0.999998927116394,770.7740478515625,199.78182983398438,0.9475644826889038,771.6724243164062,196.20010375976562,0.998523473739624,771.08984375,190.18191528320312,0.999854564666748,765.794921875,186.8988494873047,0.9999032020568848,757.3038330078125,185.97532653808594,0.9999369382858276
144,872.3836059570312,229.55462646484375,1.0,820.1908569335938,228.89678955078125,1.0,820.8441162109375,237.0052947998047,0.9999983310699463,815.9457397460938,220.60586547851562,0.9999998807907104,755.1332397460938,214.3078155517578,0.9999991655349731,746.7540893554688,226.9645538330078,0.9999987483024597,786.31982421875,228.38404846191406,1.0,750.6329956054688,220.26571655273438,0.9999996423721313,701.7315673828125,204.4239959716797,0.9999967813491821,644.9876708984375,203.4846649169922,0.9999999403953552,807.1689453125,205.79470825195312,0.9999942779541016,795.2852783203125,199.623046875,0.9999817609786987,793.6539306640625,195.8292999267578,0.9996767640113831,797.2578125,194.20181274414062,0.9978625178337097,799.8114624023438,198.11146545410156,0.9362359642982483,799.7774658203125,201.4773712158203,0.8465249538421631,797.2369995117188,205.1561737060547,0.705623209476471,819.41748046875,248.6797332763672,0.9999771118164062,830.1231689453125,257.0704040527344,0.9999994039535522,828.4877319335938,263.30865478515625,0.9999673366546631,833.3460693359375,264.0741271972656,0.9999929666519165,838.489013671875,259.582763671875,0.9999983310699463,836.2196044921875,254.094970703125,0.9999610185623169,831.1204833984375,250.97341918945312,0.9832415580749512,741.4401245117188,242.67530822753906,0.9999992847442627,717.9608154296875,247.85108947753906,0.9999629259109497,715.4301147460938,239.05307006835938,0.0815584659576416,729.4557495117188,250.0897674560547,0.0033969879150390625,726.8121337890625,255.1350555419922,0.7659955620765686,722.1762084960938,258.6731872558594,0.9685755968093872,708.323974609375,250.8984375,0.9725712537765503,768.9795532226562,208.17306518554688,0.9999979734420776,770.699951171875,193.2646484375,0.9999998807907104,774.7803344726562,199.41734313964844,0.9982797503471375,778.2686157226562,197.095703125,0.9999625086784363,777.314453125,190.90646362304688,0.9999583959579468,772.6153564453125,187.61854553222656,0.9999734163284302,762.4620361328125,188.14480590820312,0.999945342540741
145,873.6535034179688,230.7351531982422,1.0,821.7427978515625,229.5732879638672,0.9999998807907104,822.2617797851562,237.7461395263672,0.9999974370002747,817.93212890625,221.27978515625,0.9999999403953552,759.015869140625,215.5797119140625,0.9999988079071045,750.0324096679688,227.87725830078125,0.9999985694885254,788.7595825195312,229.44039916992188,0.9999998807907104,753.58203125,220.85166931152344,0.9999999403953552,702.05419921875,204.287109375,0.9999958276748657,644.0955200195312,203.43527221679688,1.0,808.3513793945312,208.32566833496094,0.9999874830245972,799.4650268554688,201.55760192871094,0.9998003244400024,795.0133056640625,199.7232208251953,0.9960624575614929,798.2305297851562,197.41224670410156,0.9904705882072449,801.5517578125,200.25399780273438,0.859379768371582,802.042236328125,204.6494903564453,0.6478837728500366,797.8175048828125,207.1130828857422,0.6481887102127075,820.365234375,249.18392944335938,0.9999866485595703,829.8807983398438,257.0478515625,0.9999993443489075,828.2229614257812,263.2168273925781,0.9999783039093018,833.3926391601562,263.85174560546875,0.9999955892562866,838.2471923828125,259.2842712402344,0.9999985694885254,835.9274291992188,253.88572692871094,0.9999569654464722,830.6106567382812,250.8620147705078,0.9737282991409302,742.599365234375,242.61412048339844,0.9999959468841553,719.314208984375,247.5406951904297,0.999923825263977,716.1618041992188,239.2001495361328,0.10637837648391724,730.08056640625,250.1116485595703,0.0013816356658935547,727.6646728515625,255.0723419189453,0.5150977373123169,723.1710815429688,258.4853820800781,0.9619864225387573,711.979248046875,250.75686645507812,0.9740307331085205,773.5767211914062,210.8361358642578,0.9999989867210388,778.3912353515625,195.81822204589844,0.9999985098838806,779.3002319335938,203.06370544433594,0.9988937377929688,783.5140380859375,200.40003967285156,0.999812662601471,785.5657348632812,194.08853149414062,0.9999817609786987,781.0315551757812,188.95303344726562,0.999843180179596,770.3829956054688,189.21253967285156,0.9999750852584839
146,876.8064575195312,231.57147216796875,1.0,823.6006469726562,230.0067901611328,0.9999999403953552,824.15576171875,238.1385040283203,0.9999939799308777,819.6507568359375,221.51251220703125,0.9999999403953552,761.7280883789062,214.7689208984375,0.9999910593032837,751.5960693359375,227.59530639648438,0.9999955892562866,791.8760986328125,230.07347106933594,0.9999997615814209,756.1361694335938,220.86119079589844,0.9999996423721313,704.242919921875,204.19967651367188,0.9999845027923584,644.3592529296875,203.79624938964844,0.9999999403953552,810.1011352539062,209.05374145507812,0.9999982118606567,801.2220458984375,202.16697692871094,0.9997722506523132,797.4163818359375,200.0120086669922,0.9742014408111572,800.663330078125,198.26699829101562,0.9976646900177002,803.621337890625,200.99594116210938,0.9663115739822388,804.118408203125,205.8328857421875,0.7762987613677979,801.6091918945312,209.02586364746094,0.8778868913650513,821.1083984375,249.6319580078125,0.9999905824661255,829.6276245117188,256.9466247558594,0.9999994039535522,828.1891479492188,263.6253356933594,0.999975323677063,833.6651611328125,263.648193359375,0.9999954700469971,838.177001953125,259.170166015625,0.9999989867210388,836.1334838867188,253.6895751953125,0.9999611973762512,830.487060546875,250.56361389160156,0.9826372265815735,743.2523803710938,241.9580841064453,0.9999947547912598,720.984619140625,247.8680419921875,0.9999161958694458,714.958740234375,242.53807067871094,0.2594066262245178,730.6227416992188,250.18728637695312,0.0013210177421569824,728.6580810546875,254.48133850097656,0.40925195813179016,724.3330078125,258.22613525390625,0.9543477892875671,712.2826538085938,250.68247985839844,0.9827143549919128,776.9954223632812,211.2096405029297,0.9999748468399048,782.5557250976562,198.1373291015625,0.9999969005584717,782.5692749023438,204.31207275390625,0.9991965889930725,788.50927734375,201.9680633544922,0.9999449253082275,790.041748046875,195.07606506347656,0.9999938011169434,787.7755126953125,190.20082092285156,0.9999829530715942,776.2672729492188,189.5879364013672,0.9999548196792603
147,878.4686889648438,233.43704223632812,0.9999998807907104,827.3760375976562,230.56259155273438,0.9999998807907104,827.1015014648438,237.95330810546875,0.9999878406524658,823.8782958984375,221.75587463378906,0.9999998807907104,763.4608154296875,215.5010986328125,0.9999983310699463,753.5612182617188,227.96449279785156,0.9999995827674866,795.5092163085938,229.74508666992188,1.0,758.15380859375,220.982421875,0.9999998807907104,710.2958984375,205.67718505859375,0.9999961853027344,644.6557006835938,202.99267578125,0.9999996423721313,814.7103271484375,209.80838012695312,0.9999971389770508,802.9682006835938,201.52806091308594,0.9943429231643677,798.3749389648438,200.68148803710938,0.5455837845802307,800.9755249023438,198.48532104492188,0.965664267539978,804.8157958984375,200.54824829101562,0.7134501934051514,805.551025390625,204.26962280273438,0.35095614194869995,799.5200805664062,210.81790161132812,0.4247840642929077,823.3751831054688,248.26177978515625,0.9999809861183167,829.4103393554688,256.3164367675781,0.9999992847442627,828.1185913085938,263.2248229980469,0.9999800324440002,833.2389526367188,263.2242126464844,0.9999966621398926,837.7067260742188,258.8486328125,0.9999992847442627,836.1673583984375,253.41452026367188,0.9999122619628906,830.4153442382812,249.9178924560547,0.9026565551757812,745.070556640625,241.37657165527344,0.9999967217445374,723.0565185546875,247.00070190429688,0.999941349029541,715.0172729492188,242.18475341796875,0.30230069160461426,729.332763671875,248.0698699951172,0.00048223137855529785,728.3905639648438,254.26425170898438,0.10494232177734375,724.2429809570312,257.3358459472656,0.8567821383476257,712.6887817382812,250.3586883544922,0.9907505512237549,779.14697265625,211.43284606933594,0.9999982118606567,780.8786010742188,197.91590881347656,0.9999991655349731,782.3948364257812,204.9449005126953,0.9776163101196289,786.4237060546875,202.05841064453125,0.9998144507408142,788.6043090820312,195.53858947753906,0.9999980926513672,784.2557983398438,190.421630859375,0.999971866607666,773.5817260742188,190.48654174804688,0.9999915361404419
148,882.637939453125,235.2180938720703,1.0,832.7427978515625,230.79153442382812,0.9999995231628418,831.294921875,239.008056640625,0.9999712109565735,829.5113525390625,222.45468139648438,0.9999997615814209,766.469482421875,216.4145965576172,0.9999878406524658,758.7648315429688,228.15208435058594,0.999997079372406,798.6591186523438,229.3976287841797,1.0,762.917724609375,221.2707977294922,0.9999982118606567,711.1024780273438,205.58445739746094,0.9999979734420776,644.7664184570312,201.39109802246094,0.9999997615814209,818.5919189453125,211.4517822265625,0.9999027848243713,803.9407958984375,200.13743591308594,0.8764381408691406,800.2879638671875,199.7200164794922,0.21033409237861633,804.110107421875,197.16583251953125,0.9207978844642639,806.1853637695312,200.06802368164062,0.4348726272583008,807.0545654296875,203.51515197753906,0.1521296203136444,799.412841796875,211.7183837890625,0.15470412373542786,826.6719970703125,248.8148651123047,0.9997053146362305,829.2716674804688,256.0553894042969,0.9999976754188538,828.1461791992188,263.91973876953125,0.9999594688415527,833.02587890625,263.48175048828125,0.9999971389770508,837.372802734375,258.7012939453125,0.9999992251396179,836.508056640625,253.08538818359375,0.9996880292892456,830.657958984375,248.91236877441406,0.7525942325592041,747.0616455078125,240.7301025390625,0.9999955892562866,726.3458862304688,245.12144470214844,0.9999808073043823,716.118408203125,240.0343780517578,0.1367802917957306,834.0297241210938,255.95355224609375,0.0004514455795288086,733.544677734375,253.13223266601562,0.0271303653717041,724.7567138671875,253.53152465820312,0.6365723013877869,714.120361328125,245.8401336669922,0.983435869216919,782.34619140625,210.15354919433594,0.999996542930603,782.177978515625,198.31871032714844,0.9999967813491821,783.5679931640625,204.94036865234375,0.944717526435852,787.447021484375,201.9409942626953,0.9998013973236084,790.522216796875,195.63076782226562,0.9999932050704956,785.4653930664062,190.7860565185547,0.9999832510948181,774.5972900390625,190.88397216796875,0.9999788999557495
149,887.7615356445312,236.4677734375,1.0,838.0186767578125,231.41436767578125,0.999999463558197,837.0858154296875,239.81622314453125,0.9999954700469971,835.729248046875,222.6468963623047,0.9999995827674866,770.1351928710938,216.79661560058594,0.9999973773956299,762.6015014648438,228.21456909179688,0.9999949932098389,804.4563598632812,229.8125,1.0,768.5933837890625,222.84300231933594,0.9999970197677612,714.3956298828125,205.8649444580078,0.999995231628418,648.6355590820312,201.04017639160156,0.9999991655349731,827.1136474609375,209.326904296875,0.9999459385871887,817.2056884765625,201.08267211914062,0.9750875234603882,810.4982299804688,200.6972198486328,0.643370509147644,810.9839477539062,197.3673095703125,0.581697940826416,814.3226318359375,199.88504028320312,0.028749853372573853,816.2967529296875,206.71543884277344,0.00407719612121582,810.9996948242188,212.06536865234375,0.03308257460594177,832.115478515625,248.2578887939453,0.9991915225982666,829.2775268554688,256.2559814453125,0.9999854564666748,828.5140991210938,264.1950378417969,0.9998822212219238,833.6481323242188,264.1399841308594,0.9999915361404419,837.9456787109375,258.8212585449219,0.9999951124191284,837.1689453125,253.56727600097656,0.9976551532745361,831.176025390625,251.89163208007812,0.7400254011154175,749.7521362304688,240.55491638183594,0.9999717473983765,726.2034912109375,245.2543182373047,0.999990701675415,716.9942626953125,237.84255981445312,0.1616590917110443,737.6146240234375,245.4246826171875,0.0006482899188995361,733.1856689453125,253.47036743164062,0.047090351581573486,724.9444580078125,253.44300842285156,0.622499942779541,715.4423217773438,246.09385681152344,0.9778016805648804,785.4044799804688,209.54612731933594,0.9999969005584717,781.3062744140625,197.87599182128906,0.9999992847442627,783.3640747070312,206.3436279296875,0.5254568457603455,787.3864135742188,201.35702514648438,0.9990911483764648,790.2161865234375,195.1686553955078,0.9999889135360718,783.0836181640625,189.7795867919922,0.9999841451644897,773.0339965820312,191.8733673095703,0.9999842643737793
150,892.1472778320312,236.8519744873047,0.9999999403953552,841.0543823242188,232.6378173828125,0.9999841451644897,840.7288818359375,241.8274383544922,0.9999934434890747,840.4674682617188,224.91990661621094,0.9999985694885254,773.87646484375,219.2138214111328,0.9999982714653015,767.6744384765625,230.85821533203125,0.9999175071716309,808.3551635742188,231.42918395996094,0.9999987483024597,771.3026123046875,224.92091369628906,0.9999984502792358,721.2676391601562,209.4851837158203,0.9999014735221863,654.2167358398438,200.44195556640625,0.9999672174453735,837.5574951171875,215.03529357910156,0.9998765587806702,844.3467407226562,211.25595092773438,0.9907945990562439,840.7621459960938,206.5126190185547,0.13100165128707886,843.1535034179688,204.825439453125,0.01110658049583435,848.9614868164062,209.47764587402344,0.014667659997940063,848.6969604492188,213.95782470703125,0.17044255137443542,845.658935546875,217.4671173095703,0.1284170150756836,833.9649047851562,248.86854553222656,0.9997427463531494,829.3572998046875,258.11920166015625,0.999973475933075,828.3802490234375,265.317138671875,0.9979679584503174,834.138427734375,264.7061767578125,0.999832272529602,838.2731323242188,259.1742248535156,0.9999802112579346,837.0221557617188,255.07894897460938,0.9939658045768738,831.7782592773438,251.62432861328125,0.5149568319320679,753.3955688476562,241.3391571044922,0.9999902248382568,728.9666137695312,243.46726989746094,0.9999930262565613,723.8112182617188,238.78880310058594,0.2594035267829895,735.024169921875,241.46409606933594,0.001032024621963501,730.5961303710938,249.61871337890625,0.04352423548698425,726.5441284179688,252.2227325439453,0.6444931030273438,719.383544921875,243.9594268798828,0.9967353343963623,787.2689208984375,209.54396057128906,0.9999955296516418,779.8480224609375,199.01126098632812,0.9999971389770508,783.7877807617188,206.18270874023438,0.44265156984329224,785.9049682617188,202.47959899902344,0.9945842027664185,787.7315673828125,195.40725708007812,0.9999445676803589,780.7886352539062,190.98545837402344,0.9999418258666992,772.1627807617188,192.53778076171875,0.9999526143074036
151,895.51513671875,239.25082397460938,0.9999998807907104,844.8745727539062,235.4263153076172,0.9999762177467346,843.022705078125,243.17044067382812,0.9999957084655762,847.380615234375,227.8414764404297,0.9999926090240479,777.1173095703125,220.97955322265625,0.9999933242797852,771.9069213867188,233.28919982910156,0.9999985694885254,811.0247802734375,232.86244201660156,0.9999983310699463,775.2619018554688,226.660400390625,0.9999997615814209,722.6389770507812,212.53604125976562,0.9999929070472717,655.5530395507812,200.5680389404297,0.9999896883964539,853.4073486328125,217.9046173095703,0.9999278783798218,865.9677124023438,212.90464782714844,0.9989330768585205,865.5468139648438,205.26625061035156,0.7218379974365234,870.0497436523438,206.4624481201172,0.7779361605644226,871.896240234375,211.859375,0.9701257944107056,870.6138916015625,215.41151428222656,0.9424304366111755,867.0997924804688,217.98756408691406,0.7023721933364868,834.9544677734375,249.11245727539062,0.9997082948684692,831.3519287109375,258.50994873046875,0.9998959302902222,828.9696655273438,264.8244323730469,0.9916876554489136,834.663330078125,265.1752624511719,0.9998565316200256,838.525390625,259.0928649902344,0.9999051094055176,837.5455322265625,254.20828247070312,0.9830347895622253,834.27880859375,250.5124969482422,0.09284472465515137,763.5429077148438,245.2671356201172,0.9999658465385437,735.5432739257812,242.83238220214844,0.9999350905418396,825.0562744140625,258.0318908691406,0.11714956164360046,822.4122924804688,259.3581848144531,0.011376947164535522,732.4191284179688,248.1932373046875,0.05448251962661743,731.0155639648438,248.9785614013672,0.9825553894042969,727.3408203125,244.90724182128906,0.9992126822471619,789.4718627929688,210.29600524902344,0.9999887347221375,780.2478637695312,199.91700744628906,0.9999957084655762,784.0839233398438,207.7494354248047,0.5780823826789856,788.1826171875,202.47059631347656,0.9870935082435608,788.306396484375,195.06689453125,0.9998892545700073,781.961669921875,191.52313232421875,0.9998809099197388,772.7573852539062,193.47804260253906,0.9999659061431885
152,899.7758178710938,241.05569458007812,1.0,847.2076416015625,237.01455688476562,0.99998539686203,844.8783569335938,243.81243896484375,0.9999992847442627,850.19677734375,229.94581604003906,0.9999953508377075,776.9691162109375,223.8577880859375,0.9999969601631165,772.8894653320312,233.81626892089844,0.999997615814209,813.0116577148438,232.85543823242188,0.9999982714653015,775.668212890625,227.85537719726562,0.9999998807907104,721.5604858398438,213.0900115966797,0.9999990463256836,659.2846069335938,199.92990112304688,0.9999971389770508,861.6466674804688,217.65785217285156,0.9999215006828308,876.4854125976562,216.28945922851562,0.9999865293502808,876.0054321289062,208.8913116455078,0.999903678894043,882.0640258789062,208.9647979736328,0.9999973177909851,884.3663330078125,214.9403839111328,0.999999463558197,882.8628540039062,219.82266235351562,0.9999974966049194,877.7903442382812,222.60617065429688,0.9993048906326294,837.51708984375,249.26914978027344,0.9999300837516785,832.0615844726562,258.13897705078125,0.9998397827148438,828.9627685546875,264.4521789550781,0.9889726042747498,835.8505859375,264.7843322753906,0.9995154142379761,839.001220703125,259.44085693359375,0.9994186162948608,837.8602905273438,254.39027404785156,0.9650139808654785,834.1837768554688,251.2349090576172,0.07699763774871826,774.212158203125,247.81427001953125,0.9998502731323242,748.7509155273438,246.76124572753906,0.9999692440032959,825.0293579101562,257.89312744140625,0.015131205320358276,822.1054077148438,258.8939208984375,0.007021158933639526,748.8550415039062,252.60125732421875,0.021512925624847412,749.0137939453125,253.0552978515625,0.7042652368545532,739.0845947265625,249.48245239257812,0.9969754219055176,791.3029174804688,210.15408325195312,0.9999945163726807,780.2688598632812,198.9706268310547,0.9999988079071045,783.6480712890625,206.92259216308594,0.6702665686607361,788.6710815429688,202.2492218017578,0.9964712858200073,789.5770263671875,194.92222595214844,0.9999668598175049,783.4280395507812,190.58470153808594,0.9999271631240845,773.7417602539062,192.46925354003906,0.9999821186065674
153,903.53955078125,243.1798553466797,1.0,851.17724609375,237.34478759765625,0.9999982118606567,847.2484130859375,244.3686065673828,0.9999997615814209,854.3975219726562,230.66046142578125,0.999997079372406,782.9476318359375,225.30874633789062,0.9999989867210388,781.87890625,235.88284301757812,0.9999991655349731,815.7325439453125,233.00802612304688,0.9999974966049194,782.5598754882812,229.46092224121094,1.0,724.7205810546875,216.44552612304688,0.9999947547912598,670.3284912109375,201.8682403564453,0.999988853931427,865.031982421875,216.57861328125,0.9999969601631165,881.7815551757812,213.63922119140625,0.9999992251396179,881.326171875,205.97476196289062,0.9999887347221375,888.09130859375,206.1543426513672,0.9999948143959045,890.5028076171875,212.53591918945312,0.9999998807907104,888.7164916992188,219.37510681152344,0.999998927116394,882.1406860351562,221.10516357421875,0.9999764561653137,840.1160888671875,249.82652282714844,0.9999520778656006,831.8273315429688,257.9184265136719,0.9996998310089111,828.750244140625,265.4561767578125,0.9934269785881042,835.80908203125,265.0863037109375,0.9993681907653809,838.326171875,260.39703369140625,0.9983935356140137,837.0797119140625,254.63873291015625,0.7314102649688721,831.8585815429688,251.63040161132812,0.030118286609649658,785.8989868164062,249.1597900390625,0.9999756217002869,767.9857177734375,252.35549926757812,0.9999673962593079,822.2394409179688,257.74249267578125,0.0033354759216308594,820.2053833007812,258.2166748046875,0.01210474967956543,776.5728149414062,259.8753356933594,0.053612738847732544,775.819091796875,261.9595031738281,0.36468201875686646,762.8895874023438,257.3981628417969,0.9397858381271362,792.364501953125,209.99961853027344,0.99998939037323,778.9846801757812,199.36436462402344,0.9999994039535522,783.0205078125,207.40725708007812,0.6858773231506348,788.6280517578125,202.1256561279297,0.9980968236923218,789.2406616210938,194.92398071289062,0.9999940395355225,783.4216918945312,189.89938354492188,0.9999836087226868,773.4598388671875,192.60177612304688,0.9999970197677612
154,905.671875,244.93777465820312,1.0,853.6232299804688,238.04345703125,0.9999994039535522,848.310546875,245.99391174316406,0.9999998807907104,856.4133911132812,230.59999084472656,0.9999977350234985,784.4166259765625,223.41123962402344,0.9999971389770508,785.1682739257812,238.55697631835938,0.9999995231628418,818.1179809570312,233.4469451904297,0.9999995231628418,783.813720703125,231.0446014404297,0.9999998807907104,726.9022216796875,217.28335571289062,0.9999513626098633,674.8914184570312,203.84429931640625,0.9999110698699951,867.1737670898438,217.8330078125,0.9999989867210388,883.0384521484375,215.4605712890625,0.9999995231628418,881.9322509765625,208.34608459472656,0.9999967813491821,888.4613647460938,207.58155822753906,0.9999982714653015,891.0848388671875,214.03384399414062,0.9999999403953552,888.683349609375,220.7017822265625,0.9999995827674866,883.0189819335938,222.63897705078125,0.9999899864196777,840.3580932617188,251.25570678710938,0.9999510645866394,831.6141967773438,258.24847412109375,0.9998933672904968,828.35498046875,265.50390625,0.9987814426422119,836.16845703125,265.5850830078125,0.9997208118438721,837.82763671875,260.81549072265625,0.999343752861023,837.0353393554688,255.67926025390625,0.7175425291061401,832.6792602539062,252.4696807861328,0.08614271879196167,794.4471435546875,251.38665771484375,0.9999711513519287,780.9221801757812,257.7721252441406,0.9999165534973145,820.439453125,257.58245849609375,0.004748433828353882,790.1194458007812,258.1894226074219,0.00912487506866455,787.3302001953125,263.3285217285156,0.9822386503219604,785.6107788085938,270.673583984375,0.9982236623764038,775.5220947265625,265.5358581542969,0.9997040629386902,792.1719970703125,208.6259765625,0.9999500513076782,778.7142944335938,199.37977600097656,0.9999992847442627,782.833740234375,207.19448852539062,0.6365393996238708,788.0735473632812,201.70736694335938,0.9926854372024536,788.524658203125,194.34852600097656,0.9999881982803345,783.602783203125,189.54940795898438,0.9999741315841675,773.0059204101562,191.6633758544922,0.9999947547912598
155,907.3277587890625,245.50439453125,1.0,854.8721313476562,238.75865173339844,0.9999995231628418,849.719970703125,246.66336059570312,0.9999998807907104,857.5147094726562,231.2292022705078,0.9999988079071045,782.9607543945312,224.25372314453125,0.9999971389770508,785.6796264648438,238.7170867919922,0.9999995827674866,819.9750366210938,233.47662353515625,0.9999998807907104,783.6387939453125,230.71688842773438,0.9999997615814209,728.6235961914062,219.8787841796875,0.9999234080314636,674.3429565429688,204.38955688476562,0.9999034404754639,867.094970703125,218.20973205566406,0.9999990463256836,882.828369140625,216.36203002929688,0.9999992847442627,881.3704833984375,208.90225219726562,0.9999979734420776,888.0072631835938,208.41543579101562,0.9999986886978149,890.7811279296875,214.7078399658203,0.9999998211860657,888.6014404296875,221.31951904296875,0.9999994039535522,881.9651489257812,223.0449981689453,0.9999960660934448,841.2030639648438,251.9091796875,0.9999669194221497,832.3140258789062,258.73101806640625,0.9999734163284302,829.3409423828125,264.8490295410156,0.9995590448379517,837.1235961914062,265.96319580078125,0.999916672706604,838.6456909179688,261.5173034667969,0.9996472597122192,837.09716796875,256.6269836425781,0.7877038717269897,832.8110961914062,254.3094024658203,0.37331676483154297,797.71484375,249.5747528076172,0.9999890327453613,789.8575439453125,262.0847473144531,0.9999845027923584,818.0382080078125,256.8197937011719,0.022260725498199463,799.3642578125,260.62493896484375,0.0800127387046814,797.4734497070312,265.5622863769531,0.9664633870124817,795.8934936523438,271.6143493652344,0.9998716115951538,787.0860595703125,268.68218994140625,0.9998024702072144,791.4139404296875,208.1392822265625,0.9999442100524902,778.7431640625,198.64076232910156,0.9999992847442627,782.4388427734375,206.1674041748047,0.40860870480537415,788.65673828125,201.13197326660156,0.988051176071167,788.5621948242188,194.02337646484375,0.9999814033508301,783.5902099609375,189.2255401611328,0.9999470114707947,772.3594360351562,190.66067504882812,0.9999882578849792
156,909.9093017578125,245.68338012695312,1.0,856.616455078125,239.8031768798828,0.9999995827674866,851.4837036132812,247.7190704345703,0.9999998807907104,859.394775390625,232.4046173095703,0.999998927116394,783.9940795898438,223.7188720703125,0.9999966621398926,788.1647338867188,239.47935485839844,0.9999995231628418,821.7451782226562,233.76849365234375,0.9999998211860657,785.1383056640625,232.1036376953125,0.9999998211860657,729.3603515625,218.89849853515625,0.9998976588249207,676.1201782226562,205.92486572265625,0.999849259853363,867.6497802734375,218.77029418945312,0.9999994039535522,882.9197387695312,217.1180419921875,0.9999994039535522,880.3468627929688,209.6171875,0.9999983310699463,887.9487915039062,208.7591094970703,0.9999989867210388,890.7787475585938,215.28314208984375,0.9999996423721313,888.8108520507812,221.99725341796875,0.9999985694885254,881.6819458007812,223.7938690185547,0.9999979734420776,841.9628295898438,253.2351837158203,0.9999843835830688,832.2664184570312,259.64337158203125,0.9999852180480957,828.8911743164062,265.30731201171875,0.9997408390045166,836.6163940429688,266.84893798828125,0.9997897148132324,839.158203125,261.89031982421875,0.9983623027801514,836.9024658203125,257.6280212402344,0.48755747079849243,831.6331787109375,255.20713806152344,0.7647906541824341,800.1642456054688,250.22581481933594,0.9999970197677612,799.2423706054688,263.2716369628906,0.9999313950538635,808.291015625,256.8358154296875,0.11700338125228882,806.8170776367188,259.41534423828125,0.5968436002731323,805.41552734375,266.3930358886719,0.9783414006233215,804.712890625,272.5055847167969,0.9999676942825317,795.3551635742188,271.2321472167969,0.9999667406082153,790.8043823242188,208.0172576904297,0.9999698400497437,778.7036743164062,198.71490478515625,0.9999992251396179,782.46044921875,205.97300720214844,0.5235608220100403,788.2852172851562,201.04910278320312,0.9908772110939026,788.2455444335938,194.05348205566406,0.9999790787696838,783.5612182617188,189.1098175048828,0.9999468326568604,771.9519653320312,190.89492797851562,0.9999889731407166
157,910.62060546875,246.23898315429688,0.9999998807907104,858.8513793945312,240.54052734375,0.9999992847442627,853.3151245117188,248.01055908203125,0.9999995827674866,861.6882934570312,233.1217041015625,0.9999990463256836,786.7850952148438,224.90171813964844,0.9999959468841553,792.4281616210938,238.97250366210938,0.9999985694885254,823.882080078125,233.34092712402344,0.9999985694885254,788.9744873046875,232.4410400390625,0.9999995231628418,736.28955078125,224.33409118652344,0.9992860555648804,678.0103759765625,205.8272705078125,0.9999054670333862,869.26025390625,218.86280822753906,0.9999997615814209,882.666015625,217.78677368164062,0.9999995827674866,880.6414794921875,210.12806701660156,0.999998927116394,887.8607177734375,209.61097717285156,0.9999992251396179,890.6067504882812,216.40008544921875,0.9999992847442627,888.1167602539062,222.74307250976562,0.9999977350234985,881.3751220703125,224.2304229736328,0.9999988079071045,843.850830078125,252.3946990966797,0.9999529719352722,832.5499267578125,259.1869201660156,0.9999698400497437,832.4031372070312,263.2430725097656,0.9982213973999023,837.6927490234375,264.43353271484375,0.9883966445922852,839.5752563476562,259.8369140625,0.8860962390899658,837.9762573242188,257.4339904785156,0.6751013994216919,831.0564575195312,256.06500244140625,0.9189512729644775,805.6754150390625,247.55511474609375,0.999999463558197,808.6428833007812,261.14453125,0.9999668598175049,812.4487915039062,254.27455139160156,0.9988336563110352,817.537841796875,257.1947326660156,0.9996875524520874,819.3641967773438,264.060302734375,0.9968645572662354,814.29296875,270.929443359375,0.9991655349731445,802.8765258789062,267.9765930175781,0.9999849200248718,791.0502319335938,208.40757751464844,0.9999358654022217,777.7277221679688,198.8264617919922,0.9999992251396179,781.4697875976562,206.59149169921875,0.4659461975097656,786.8662109375,200.01068115234375,0.9932938814163208,787.5214233398438,194.50003051757812,0.9999899864196777,782.7684326171875,188.9302520751953,0.9999582767486572,770.7093505859375,190.8224334716797,0.999993085861206
158,912.8056030273438,247.21107482910156,1.0,861.7304077148438,241.6851348876953,0.9999998211860657,855.2876586914062,248.94070434570312,0.9999977350234985,864.5108032226562,233.99818420410156,0.9999995231628418,788.2002563476562,225.8262939453125,0.9999985694885254,794.274658203125,238.56871032714844,0.9999989867210388,827.0055541992188,233.02120971679688,0.9999946355819702,791.7781372070312,232.5198974609375,0.9999994039535522,738.8440551757812,225.0150604248047,0.9999011754989624,678.7239379882812,205.40878295898438,0.999896764755249,871.07470703125,218.7705841064453,0.9999997019767761,882.8221435546875,218.06968688964844,0.9999995827674866,880.754638671875,210.34335327148438,0.9999982118606567,887.6913452148438,209.5377655029297,0.9999984502792358,890.5625610351562,216.23411560058594,0.9999990463256836,888.3569946289062,222.70291137695312,0.9999976754188538,881.9176025390625,224.54379272460938,0.9999994039535522,845.1698608398438,252.547607421875,0.9999409914016724,833.9163208007812,258.842529296875,0.9999641180038452,834.6141967773438,261.3883972167969,0.9947719573974609,839.0076904296875,261.0209655761719,0.9419674277305603,840.4722900390625,260.3240661621094,0.5912899971008301,840.6478271484375,258.0779113769531,0.5202627778053284,833.4631958007812,255.75392150878906,0.8697885274887085,809.0536499023438,246.3172149658203,0.9999969005584717,818.2542114257812,260.926513671875,0.999996542930603,818.2438354492188,253.28138732910156,0.9999845027923584,825.0856323242188,256.8085021972656,0.9999647736549377,830.080810546875,264.32928466796875,0.9998703598976135,823.4320068359375,270.3243713378906,0.9995859861373901,810.13134765625,267.4004211425781,0.9999135136604309,792.1116333007812,208.150146484375,0.9998530745506287,777.7090454101562,198.88418579101562,0.9999994039535522,781.519287109375,207.22023010253906,0.5104345083236694,787.9981079101562,201.09556579589844,0.9886605143547058,788.1159057617188,195.30348205566406,0.9999849796295166,782.7030029296875,189.2447967529297,0.9999657869338989,771.0126342773438,191.18133544921875,0.9999960660934448
159,915.0327758789062,247.1791534423828,1.0,864.1619262695312,242.55018615722656,0.9999998211860657,858.537353515625,249.9440155029297,0.999997615814209,866.8406982421875,234.99844360351562,0.9999999403953552,790.1259765625,226.7228546142578,0.999997079372406,797.6536254882812,239.58013916015625,0.9999947547912598,829.2484741210938,233.45091247558594,0.9999979138374329,794.191162109375,232.8839874267578,0.9999949336051941,739.1869506835938,225.21774291992188,0.999667763710022,679.942138671875,207.73233032226562,0.9999755620956421,872.4061889648438,219.70968627929688,0.9999992847442627,882.9368286132812,218.414306640625,0.9999995231628418,880.42138671875,210.5029754638672,0.9999949932098389,887.2740478515625,209.39627075195312,0.9999969005584717,890.4052124023438,215.67626953125,0.9999988079071045,888.4144897460938,222.26422119140625,0.999997079372406,882.2933959960938,224.54872131347656,0.9999990463256836,846.9564208984375,253.71942138671875,0.9999653100967407,837.2413330078125,258.7210998535156,0.9999731779098511,836.3009643554688,260.29229736328125,0.9916781187057495,843.6370239257812,262.2432556152344,0.7092764377593994,842.4679565429688,259.9463806152344,0.1268240511417389,843.8448486328125,258.46417236328125,0.2700358033180237,837.6727294921875,256.3227844238281,0.9536167979240417,812.7327880859375,246.05357360839844,0.9999985694885254,822.861572265625,260.2310791015625,0.9999971985816956,822.002685546875,252.05108642578125,0.999993085861206,829.9508056640625,256.4936218261719,0.9999718070030212,833.8466186523438,263.54833984375,0.9999803304672241,829.1806640625,270.6089172363281,0.999822735786438,815.4573974609375,267.6312255859375,0.9998533725738525,794.268310546875,209.84921264648438,0.9997518062591553,777.54931640625,199.053466796875,0.9999992847442627,780.8914794921875,206.46348571777344,0.7132457494735718,787.6774291992188,201.68365478515625,0.9948406219482422,787.6106567382812,196.15245056152344,0.9999920129776001,781.5775146484375,189.51104736328125,0.9999650716781616,770.6585083007812,191.51263427734375,0.999997615814209
160,917.5169677734375,247.2303466796875,0.9999998807907104,865.0910034179688,242.62379455566406,0.9999998807907104,860.2744750976562,249.8200225830078,0.9999979734420776,868.3329467773438,235.34347534179688,0.9999998807907104,793.492919921875,227.75662231445312,0.999997615814209,799.7102661132812,240.5902862548828,0.9999963045120239,830.8010864257812,233.39707946777344,0.9999973177909851,796.21337890625,232.95169067382812,0.9999983906745911,743.3206176757812,228.90310668945312,0.9999169111251831,685.86962890625,208.19972229003906,0.9999486207962036,873.3912353515625,220.1255340576172,0.9999988675117493,883.2235717773438,218.76455688476562,0.9999996423721313,880.1842041015625,210.89205932617188,0.9999915957450867,887.1270141601562,209.39462280273438,0.9999961256980896,890.5454711914062,215.3931121826172,0.999998927116394,888.8382568359375,222.06971740722656,0.9999970197677612,882.9720458984375,224.77528381347656,0.9999979138374329,848.7183837890625,254.4619598388672,0.9999576210975647,837.8028564453125,259.4918518066406,0.9999275207519531,836.4819946289062,260.4859619140625,0.9920637607574463,844.5482788085938,262.6852722167969,0.7617047429084778,843.574462890625,261.0517578125,0.1245867908000946,844.17919921875,259.1478576660156,0.12280860543251038,838.0262451171875,257.5061340332031,0.8687195777893066,813.7571411132812,246.8689727783203,0.9999988079071045,822.470703125,261.0971374511719,0.9999984502792358,822.0104370117188,252.7687225341797,0.9999642372131348,829.768310546875,257.27301025390625,0.9999668598175049,833.3406372070312,264.8042297363281,0.9999556541442871,828.2199096679688,271.40338134765625,0.9998092651367188,814.5032958984375,268.4443054199219,0.999916672706604,794.5454711914062,209.47314453125,0.9998621940612793,777.6439208984375,198.84967041015625,0.9999992847442627,781.7164306640625,206.34735107421875,0.8303368091583252,788.3453979492188,201.494873046875,0.9987573623657227,788.3667602539062,195.8852081298828,0.9999936819076538,781.7730712890625,188.43582153320312,0.9999620914459229,769.6246948242188,191.5073699951172,0.9999975562095642
161,922.0725708007812,245.8966827392578,1.0,867.1563720703125,242.76210021972656,0.9999998807907104,862.8817138671875,250.7325439453125,0.9999960660934448,870.53515625,235.16647338867188,0.9999997615814209,797.5724487304688,228.02313232421875,0.9999985694885254,803.2008666992188,239.92332458496094,0.9999996423721313,834.9777221679688,233.48956298828125,0.9999997615814209,799.9225463867188,234.04397583007812,0.9999997615814209,745.965087890625,227.49102783203125,0.9999145865440369,692.5970458984375,209.73846435546875,0.999106764793396,874.4265747070312,220.16156005859375,0.9999947547912598,883.51171875,219.19248962402344,0.9999993443489075,879.4847412109375,211.98043823242188,0.9999433755874634,886.2147827148438,209.3044891357422,0.9999878406524658,890.5716552734375,214.8911895751953,0.9999972581863403,889.2786865234375,222.0689239501953,0.9999932050704956,883.97900390625,224.86550903320312,0.9999959468841553,850.1475830078125,254.47299194335938,0.99991375207901,840.1350708007812,258.63739013671875,0.9995325803756714,838.25634765625,259.9989013671875,0.9734160304069519,846.8985595703125,261.6767883300781,0.5541834831237793,845.4993286132812,260.4196472167969,0.013295561075210571,844.9624633789062,259.0953063964844,0.04107069969177246,840.3713989257812,257.70263671875,0.8239818811416626,816.8909301757812,247.2530517578125,0.9999997019767761,823.410888671875,260.9635009765625,0.9999960064888,824.5397338867188,253.27928161621094,0.9994990825653076,831.5927734375,257.0938415527344,0.9998680353164673,834.4822387695312,264.3452453613281,0.9999558925628662,830.118896484375,271.29266357421875,0.9998781681060791,815.8335571289062,268.6669921875,0.9999861717224121,796.6375732421875,209.9238739013672,0.9999079704284668,777.7716064453125,199.2672882080078,0.999999463558197,781.7939453125,205.09042358398438,0.8127561807632446,788.0761108398438,201.02761840820312,0.9987621307373047,787.25830078125,195.7877960205078,0.9999946355819702,780.9454345703125,189.27072143554688,0.9999681711196899,769.5527954101562,192.04306030273438,0.9999969005584717
162,925.0669555664062,245.64862060546875,1.0,871.25244140625,243.0248260498047,0.9999998211860657,866.4542236328125,250.5032501220703,0.9999994039535522,873.921630859375,234.71405029296875,0.9999995231628418,800.3128662109375,229.8737030029297,0.9999997615814209,805.2896728515625,240.36676025390625,0.9999997615814209,838.781005859375,234.12103271484375,0.9999996423721313,802.9810791015625,234.51283264160156,0.9999998807907104,751.8496704101562,228.29649353027344,0.9999951124191284,698.2922973632812,209.26217651367188,0.9998544454574585,875.9615478515625,220.92527770996094,0.9999938011169434,883.2379760742188,219.46287536621094,0.9999992251396179,878.6865234375,212.9560089111328,0.9996663331985474,885.3772583007812,209.5641632080078,0.9999814033508301,890.0452880859375,214.2952117919922,0.9999958276748657,888.9261474609375,221.85842895507812,0.9999894499778748,884.9510498046875,225.00250244140625,0.9999769926071167,854.67626953125,255.009033203125,0.9997632503509521,842.4140014648438,257.9536437988281,0.9911420941352844,839.5008544921875,258.8499755859375,0.8509973287582397,848.766845703125,260.5747985839844,0.2355443239212036,775.6497192382812,195.58578491210938,0.008477360010147095,847.0204467773438,259.3116760253906,0.010551661252975464,842.5330200195312,257.80474853515625,0.5349218249320984,819.8013305664062,247.84515380859375,0.9999997615814209,824.1541137695312,261.4532775878906,0.9999855756759644,826.0243530273438,254.59689331054688,0.9984196424484253,832.2532348632812,255.65438842773438,0.9998847246170044,834.7305297851562,264.0328369140625,0.9999402761459351,830.8732299804688,271.6746520996094,0.9999071955680847,816.6264038085938,268.9334716796875,0.9999939203262329,797.9970092773438,210.4452667236328,0.9999226331710815,778.2740478515625,200.1871795654297,0.9999986886978149,782.703125,204.8406219482422,0.8861575126647949,788.4644775390625,201.34463500976562,0.999455451965332,786.821044921875,195.53897094726562,0.9999963045120239,781.4931640625,189.85191345214844,0.999975860118866,769.5840454101562,192.9804229736328,0.9999968409538269
163,930.4544677734375,245.42755126953125,1.0,875.1432495117188,242.81985473632812,0.9999998807907104,872.2127075195312,250.8077392578125,0.9999990463256836,877.1282348632812,234.93377685546875,0.9999997615814209,806.4397583007812,230.8939666748047,0.9999996423721313,809.3711547851562,240.65550231933594,0.9999990463256836,841.7191772460938,234.6302032470703,0.9999940395355225,808.6064453125,235.00164794921875,0.9999996423721313,756.1112670898438,228.566650390625,0.9999990463256836,704.445556640625,213.4005126953125,0.9999951720237732,878.09228515625,221.67913818359375,0.9999889135360718,883.5263671875,219.49534606933594,0.9999985694885254,879.6043701171875,213.6912384033203,0.9995583295822144,885.4765625,209.4746856689453,0.9999783039093018,890.3539428710938,213.57431030273438,0.9999914169311523,889.8316040039062,221.49253845214844,0.9999797344207764,885.10302734375,224.9906768798828,0.9998818039894104,861.5577392578125,257.5865478515625,0.999956488609314,845.5369262695312,260.75091552734375,0.9956514835357666,842.3887329101562,262.8204040527344,0.9224100112915039,853.6959228515625,266.02178955078125,0.053852856159210205,775.1992797851562,194.8337860107422,0.02838265895843506,849.3422241210938,260.9671325683594,0.002149134874343872,842.9503173828125,257.171875,0.8262543082237244,824.3944091796875,249.1749267578125,0.9999979734420776,825.0903930664062,262.5837097167969,0.9999880790710449,826.8532104492188,255.97218322753906,0.9874992370605469,833.9859008789062,256.691162109375,0.9995275735855103,835.9458618164062,264.40277099609375,0.9997681379318237,831.5643920898438,272.0608215332031,0.9999160766601562,817.8200073242188,269.1098327636719,0.9999977350234985,799.3739624023438,212.1505126953125,0.9995976686477661,777.5238037109375,200.4476318359375,0.9999969005584717,781.9590454101562,203.80963134765625,0.9526087045669556,787.3388671875,201.284912109375,0.9999197721481323,785.5397338867188,194.5964813232422,0.9999984502792358,781.4495239257812,189.4628143310547,0.9999861717224121,768.5682373046875,193.33982849121094,0.999994695186615
164,937.8928833007812,243.8350830078125,1.0,879.95703125,243.95025634765625,0.9999998807907104,878.1646728515625,252.09239196777344,0.9999979734420776,881.6629028320312,235.99032592773438,0.9999999403953552,811.771240234375,229.8377227783203,0.9999998807907104,814.8589477539062,240.09947204589844,0.9999946355819702,844.5919799804688,236.42730712890625,0.9999972581863403,813.9205932617188,234.16229248046875,0.9999998807907104,761.9666137695312,231.64332580566406,0.999998927116394,708.9947509765625,215.49581909179688,0.9999998807907104,880.1222534179688,223.06881713867188,0.9999940395355225,884.4398193359375,219.7827911376953,0.9999986886978149,879.3433837890625,214.39907836914062,0.999870777130127,884.867431640625,209.91043090820312,0.9999918937683105,890.0625,213.31683349609375,0.99998939037323,890.5093994140625,221.5407257080078,0.9999662637710571,886.3358154296875,224.5448760986328,0.9994819164276123,867.4654541015625,258.4983825683594,0.9999942183494568,853.027099609375,261.6385192871094,0.9982369542121887,849.4979248046875,264.12060546875,0.9916184544563293,860.5166015625,265.7587585449219,0.014543354511260986,779.5791015625,192.24867248535156,0.006834059953689575,857.7405395507812,262.938232421875,0.0033978819847106934,851.6250610351562,258.5897521972656,0.8799242973327637,827.7099609375,249.3024444580078,0.9999953508377075,823.0576171875,262.803955078125,0.9999929070472717,825.4007568359375,255.18569946289062,0.5484307408332825,832.0165405273438,257.1805725097656,0.9964269399642944,832.7081298828125,265.9559326171875,0.9996721744537354,829.3401489257812,272.3374328613281,0.9999785423278809,816.3615112304688,269.41790771484375,0.9999940395355225,803.7802124023438,213.16937255859375,0.9992088079452515,781.9429321289062,200.91091918945312,0.9999939799308777,785.3390502929688,204.8885498046875,0.6893928647041321,789.5314331054688,200.70169067382812,0.9998764991760254,786.9326171875,195.05299377441406,0.9999988079071045,781.2799682617188,191.78387451171875,0.9999969601631165,773.43359375,194.433349609375,0.9999948740005493
165,941.4681396484375,244.07400512695312,1.0,887.3309936523438,243.21180725097656,0.9999998211860657,888.7877807617188,251.62631225585938,0.9999998807907104,887.8724365234375,235.5179901123047,0.9999996423721313,817.6224975585938,231.36390686035156,0.9999998807907104,819.7307739257812,241.6183624267578,0.999999463558197,852.6973876953125,238.92691040039062,0.9999998807907104,819.1605224609375,235.68722534179688,1.0,765.3308715820312,229.37245178222656,0.9999954700469971,709.5133056640625,216.5965576171875,0.9999992847442627,882.4945068359375,222.27980041503906,0.9999966621398926,885.2429809570312,219.5797576904297,0.9999992251396179,879.35546875,212.85574340820312,0.9999808073043823,886.8084716796875,211.6471710205078,0.9999980926513672,891.1285400390625,215.02276611328125,0.9999866485595703,890.034912109375,222.05442810058594,0.9999090433120728,886.926025390625,225.1522216796875,0.9728255271911621,884.762451171875,259.3717041015625,0.9999995231628418,879.797607421875,266.0953369140625,0.9999926090240479,877.5231323242188,271.8017883300781,0.999853253364563,886.0422973632812,271.9952697753906,0.9998326301574707,886.2979736328125,267.4966125488281,0.9979248642921448,887.1656494140625,264.76287841796875,0.7065009474754333,880.5382080078125,261.0353698730469,0.7164380550384521,830.937744140625,252.4659423828125,0.9999977350234985,823.5520629882812,263.03173828125,0.9999843239784241,826.8572998046875,258.781982421875,0.10020911693572998,831.9510498046875,259.3814392089844,0.9927610158920288,831.4429931640625,266.550048828125,0.9997782707214355,828.33642578125,272.58367919921875,0.9999614357948303,815.573486328125,270.2182312011719,0.9999403953552246,811.1593627929688,212.83795166015625,0.9998807907104492,786.12548828125,201.3247528076172,0.9999963045120239,790.0260620117188,205.22195434570312,0.7016247510910034,793.4003295898438,202.2190704345703,0.9991458058357239,790.97509765625,196.9233856201172,0.999998152256012,785.4336547851562,194.05613708496094,0.999998927116394,777.2998657226562,197.04832458496094,0.9999915361404419
166,947.18115234375,241.97341918945312,1.0,895.6475830078125,241.347900390625,0.9999984502792358,897.4467163085938,250.06739807128906,0.9999995827674866,893.1773681640625,233.33096313476562,0.9999797344207764,825.687744140625,230.73165893554688,0.9999997615814209,826.0836181640625,242.79217529296875,0.9999993443489075,860.3031616210938,240.02090454101562,0.9999992251396179,826.6378173828125,236.26319885253906,0.9999998211860657,774.3654174804688,229.3043975830078,0.9999997615814209,715.4662475585938,219.07720947265625,0.9999993443489075,885.5791015625,221.8834228515625,0.9999347925186157,884.9122924804688,220.17404174804688,0.9999967813491821,880.461669921875,212.42471313476562,0.9999974966049194,887.3279418945312,212.49693298339844,0.9999979734420776,891.3200073242188,216.51889038085938,0.999973475933075,890.4264526367188,222.05734252929688,0.9996063709259033,885.3287353515625,223.4998016357422,0.9935131669044495,898.6621704101562,258.30987548828125,0.9999737739562988,902.0039672851562,265.34735107421875,0.999955952167511,901.0368041992188,270.95770263671875,0.9999291896820068,905.333251953125,270.4183044433594,0.9995653629302979,907.9610595703125,266.26300048828125,0.9993665814399719,906.5945434570312,262.1327209472656,0.9668150544166565,899.763671875,260.6893615722656,0.5525976419448853,833.9779052734375,256.1340026855469,0.9999933838844299,823.2098999023438,263.26287841796875,0.9999465942382812,825.3546142578125,259.39593505859375,0.0032919645309448242,832.29052734375,259.07891845703125,0.39227133989334106,831.0072021484375,268.0040588378906,0.997312605381012,827.3721313476562,272.6526184082031,0.9999238848686218,812.7349853515625,266.7911682128906,0.9995863437652588,822.0550537109375,211.74046325683594,0.9998741745948792,796.9185180664062,202.11764526367188,0.9999920129776001,805.4180908203125,212.44247436523438,0.16401034593582153,804.6818237304688,202.07070922851562,0.3529419004917145,802.1930541992188,200.45846557617188,0.9983150959014893,793.9700317382812,195.23599243164062,0.9999895095825195,787.1355590820312,200.9469451904297,0.9999595880508423
167,953.0975952148438,239.96505737304688,0.9999998211860657,903.6757202148438,240.00086975097656,0.9999986886978149,906.3356323242188,248.52769470214844,0.9999943971633911,900.270263671875,232.53668212890625,0.9999992847442627,834.7146606445312,232.9187774658203,0.9999997615814209,831.9037475585938,243.35720825195312,0.9999998807907104,869.3766479492188,241.77952575683594,0.9999998807907104,833.39892578125,238.15274047851562,1.0,780.0697631835938,228.01641845703125,1.0,728.037841796875,223.6601104736328,0.9999998807907104,890.9501342773438,223.14129638671875,0.9998413324356079,885.7467651367188,220.2782440185547,0.9999924898147583,882.3597412109375,213.0460968017578,0.9999982118606567,888.8977661132812,213.14688110351562,0.9999876022338867,891.991943359375,217.32742309570312,0.9998524785041809,890.99609375,221.76724243164062,0.9987597465515137,885.2180786132812,223.97976684570312,0.9975247979164124,909.8733520507812,257.1888732910156,0.9999603033065796,922.0164794921875,264.2359619140625,0.9999734163284302,922.1687622070312,269.7939453125,0.9981616735458374,925.4031982421875,269.7590637207031,0.9979268312454224,928.7603149414062,266.3784484863281,0.9997488260269165,926.5785522460938,262.27215576171875,0.9986305236816406,921.4003295898438,259.82989501953125,0.9991211891174316,836.3967895507812,257.9919738769531,0.9999969005584717,819.6583251953125,261.5741882324219,0.9999531507492065,877.8861083984375,219.1112823486328,0.00023224949836730957,832.3134765625,259.0234375,0.000195235013961792,828.862548828125,266.6593017578125,0.9188473224639893,823.7847900390625,272.2046813964844,0.9987900257110596,811.3040771484375,266.8114318847656,0.9998475313186646,836.1064453125,215.95938110351562,0.9999960660934448,819.236572265625,207.69168090820312,0.9999943971633911,823.0941772460938,217.7664794921875,0.6871786713600159,826.6487426757812,209.84332275390625,0.8121092319488525,826.31494140625,203.7764129638672,0.998943567276001,818.6585083007812,201.4912109375,0.9999916553497314,810.1815795898438,204.71945190429688,0.9999668002128601
168,960.10546875,237.4886932373047,1.0,907.5450439453125,238.6974334716797,0.9999979138374329,911.0862426757812,247.0088653564453,0.9999881982803345,902.421875,231.7452850341797,0.9999986886978149,841.3643798828125,231.91128540039062,0.9999971389770508,835.7242431640625,242.5372314453125,0.9999992847442627,874.8387451171875,242.2746124267578,0.9999998807907104,839.0486450195312,236.91000366210938,0.9999998807907104,788.9700927734375,226.40545654296875,0.9999998211860657,733.44091796875,225.85704040527344,0.9999998211860657,892.3524780273438,222.43905639648438,0.9998674392700195,884.7344970703125,218.70355224609375,0.9999817609786987,882.1793823242188,212.3517303466797,0.9999985694885254,889.6693725585938,212.8198699951172,0.9999720454216003,890.7875366210938,217.96194458007812,0.9993345737457275,889.6378173828125,220.9686737060547,0.9912134408950806,883.9010620117188,224.55455017089844,0.9697332382202148,918.997314453125,256.814208984375,0.9999624490737915,935.8624877929688,263.1021728515625,0.9999990463256836,934.5557861328125,269.9721374511719,0.9998204708099365,939.8097534179688,269.0588073730469,0.9999128580093384,943.1800537109375,264.5481872558594,0.9999761581420898,940.6400146484375,259.460205078125,0.9999919533729553,935.391845703125,257.33782958984375,0.9998940229415894,837.2415771484375,259.55938720703125,0.9999986290931702,816.6310424804688,260.6208801269531,0.9999762773513794,876.06982421875,219.55531311035156,0.0014620423316955566,830.6636352539062,258.9585266113281,0.0003660917282104492,827.4324951171875,266.79547119140625,0.9781198501586914,821.6959838867188,270.22119140625,0.9871851205825806,811.60791015625,265.1205139160156,0.9687896370887756,853.772216796875,222.42393493652344,0.9999948143959045,848.55419921875,210.93194580078125,0.9999958276748657,858.9868774414062,218.0076141357422,0.32280224561691284,852.8151245117188,214.2671356201172,0.23889857530593872,854.842529296875,207.83787536621094,0.8003023266792297,846.9488525390625,204.10968017578125,0.9894554018974304,840.6430053710938,205.89315795898438,0.9985628128051758
169,964.5521240234375,235.08322143554688,1.0,915.2924194335938,237.07032775878906,0.9999994039535522,917.9866333007812,245.1498565673828,0.9999977350234985,908.677490234375,229.8037872314453,0.9999992847442627,850.8988647460938,230.5620880126953,0.9999982118606567,843.868896484375,241.34487915039062,0.9999933838844299,880.6161499023438,242.29173278808594,1.0,848.0848999023438,235.66641235351562,0.9999995231628418,793.515625,225.03286743164062,0.9999980926513672,740.8836669921875,227.363037109375,0.9999998211860657,895.9888916015625,223.14129638671875,0.9999501705169678,885.3163452148438,218.21408081054688,0.99995356798172,883.5510864257812,214.04733276367188,0.9997355937957764,889.603271484375,213.4542236328125,0.9981746077537537,889.853515625,218.2616729736328,0.9899808764457703,888.577880859375,222.22250366210938,0.9875022172927856,884.2548217773438,224.5229034423828,0.9852449893951416,927.4141235351562,256.54779052734375,0.9999622106552124,940.1205444335938,261.6790771484375,0.9999992847442627,938.9923706054688,268.2236633300781,0.9999696016311646,946.01806640625,268.19598388671875,0.9999990463256836,949.4418334960938,262.90399169921875,0.9999997615814209,946.9951171875,258.0807800292969,0.999999463558197,941.1363525390625,255.08396911621094,0.9999817609786987,839.1890869140625,259.51654052734375,0.9999970197677612,817.85595703125,261.0549011230469,0.9999945759773254,809.5587768554688,253.64370727539062,0.1278083324432373,821.8187255859375,258.5920715332031,0.0016728341579437256,826.6275024414062,267.6539001464844,0.9366518259048462,820.16943359375,270.1696472167969,0.9883670806884766,810.5576171875,264.8258056640625,0.9869256615638733,864.7442016601562,224.8016815185547,0.9999910593032837,868.681396484375,210.18557739257812,0.9999996423721313,870.6940307617188,216.99105834960938,0.9989364743232727,873.120361328125,214.01316833496094,0.999420702457428,873.8361206054688,208.15457153320312,0.9997522830963135,869.99169921875,205.7991180419922,0.999963641166687,861.23291015625,205.38580322265625,0.9998895525932312
170,972.6870727539062,233.43458557128906,0.9999997615814209,922.0047607421875,234.78030395507812,0.9999995827674866,925.3699951171875,243.50624084472656,0.999998927116394,916.9024658203125,228.2809600830078,0.9999998807907104,858.3511352539062,230.63677978515625,0.9999957084655762,850.7778930664062,241.03128051757812,0.9999874234199524,888.4193725585938,240.84063720703125,0.9999998807907104,854.182373046875,234.9556427001953,0.9999990463256836,803.9114379882812,223.45751953125,0.9999858140945435,755.2869262695312,227.3929901123047,0.9999997019767761,902.2299194335938,223.95558166503906,0.9999063014984131,889.2052001953125,217.05838012695312,0.9950255155563354,886.9343872070312,213.77047729492188,0.830498218536377,894.0736083984375,211.25662231445312,0.8009827136993408,894.3648071289062,216.29986572265625,0.5360590219497681,893.6337890625,221.63465881347656,0.8026319146156311,886.6593017578125,222.0558624267578,0.8647698163986206,928.7440795898438,257.00360107421875,0.9999669790267944,939.213623046875,261.1459045410156,0.9999997615814209,938.2479858398438,267.8060302734375,0.9999898076057434,944.6182250976562,268.1809997558594,0.999998927116394,948.3945922851562,262.3738098144531,0.9999997615814209,945.7434692382812,257.303955078125,0.9999988079071045,940.7203369140625,254.7781982421875,0.999883770942688,840.5355224609375,257.9959411621094,0.9999843835830688,821.5684814453125,261.33038330078125,0.9999898672103882,812.7115478515625,254.3018798828125,0.18616953492164612,829.97216796875,261.3002624511719,0.0007303953170776367,828.5413208007812,270.0643310546875,0.8521825075149536,822.9176025390625,272.01593017578125,0.9593943357467651,812.219482421875,266.2562255859375,0.9977817535400391,874.05908203125,224.7232208251953,0.9995570182800293,876.7839965820312,210.8470916748047,0.9999957084655762,879.1007690429688,216.96092224121094,0.9784426689147949,881.2401733398438,214.28843688964844,0.9994696974754333,883.5305786132812,208.83035278320312,0.9999533295631409,879.7392578125,204.9088897705078,0.9999383091926575,870.5460205078125,204.66587829589844,0.9998266100883484
171,980.8087768554688,232.91607666015625,0.9999998807907104,931.5308837890625,232.33555603027344,0.9999995231628418,931.9053344726562,241.03414916992188,0.9999995827674866,927.5643920898438,224.9009246826172,0.999994695186615,864.5113525390625,228.14036560058594,0.9999990463256836,858.5099487304688,238.27572631835938,0.9999819993972778,896.6757202148438,237.94952392578125,0.9999998211860657,863.3153686523438,232.79647827148438,0.9999988079071045,810.3125610351562,222.44967651367188,0.9999865293502808,760.2607421875,227.95098876953125,0.9999954700469971,910.453125,222.0262451171875,0.9928927421569824,888.8870239257812,212.04901123046875,0.4916039705276489,887.661865234375,207.88267517089844,0.10630932450294495,894.9716796875,206.0233917236328,0.08806252479553223,892.68505859375,210.62181091308594,0.013829946517944336,897.2109985351562,223.80189514160156,0.015314847230911255,892.3392333984375,223.30580139160156,0.03619176149368286,930.5823364257812,254.00216674804688,0.9999842643737793,939.7991333007812,260.0666809082031,0.9999990463256836,938.98779296875,267.6600646972656,0.9999721646308899,944.9646606445312,267.53009033203125,0.9999979138374329,948.6128540039062,261.5061950683594,0.9999993443489075,946.1104736328125,256.4803466796875,0.9999864101409912,939.3761596679688,254.28456115722656,0.9941582679748535,844.93798828125,254.2833251953125,0.9999979734420776,826.1627197265625,259.5427551269531,0.9999921321868896,815.80078125,253.308349609375,0.41356605291366577,834.3307495117188,260.2046203613281,0.023013651371002197,832.2379760742188,268.3236999511719,0.9724469780921936,828.2360229492188,271.4758605957031,0.9946973323822021,816.8555908203125,266.3656005859375,0.9987387657165527,880.6156616210938,217.94485473632812,0.9998623132705688,875.944580078125,206.1432647705078,0.9999949932098389,878.8193359375,211.8603057861328,0.9174662232398987,881.3833618164062,208.35769653320312,0.9989378452301025,882.5878295898438,203.47775268554688,0.9999335408210754,877.3919067382812,200.14239501953125,0.9999511241912842,868.1646728515625,201.06027221679688,0.9999703764915466
172,989.9622192382812,233.80160522460938,0.9999995231628418,937.9441528320312,232.96112060546875,0.9999996423721313,938.450439453125,241.14463806152344,0.9999989867210388,937.86328125,223.87086486816406,0.9999984502792358,871.5081176757812,225.97940063476562,0.9999984502792358,865.0350341796875,236.61566162109375,0.9999984502792358,904.7901611328125,234.36790466308594,0.9999995231628418,868.1897583007812,231.2206573486328,0.9999998807907104,820.4046630859375,223.10348510742188,0.9999982118606567,771.875732421875,229.4458465576172,0.9999998211860657,919.9734497070312,217.28541564941406,0.966079592704773,904.2561645507812,215.44155883789062,0.20791783928871155,907.6626586914062,212.43472290039062,0.04012438654899597,905.5140380859375,209.0823974609375,0.042915284633636475,909.8134155273438,218.18191528320312,0.0020754635334014893,907.7837524414062,224.37088012695312,0.005141586065292358,904.30810546875,225.40869140625,0.023331761360168457,933.7543334960938,251.20301818847656,0.9999986290931702,940.4615478515625,258.78607177734375,0.9999980926513672,939.8269653320312,267.30059814453125,0.9999821186065674,944.8466796875,267.1264953613281,0.9999986886978149,950.3551635742188,261.1100769042969,0.9999995231628418,948.5731201171875,256.2154541015625,0.9997726082801819,943.0010986328125,253.57391357421875,0.3826139271259308,852.1596069335938,250.73753356933594,0.9999933838844299,830.1087646484375,256.2262268066406,0.9999966025352478,822.4034423828125,250.40576171875,0.7218759655952454,845.671630859375,256.77813720703125,0.009084343910217285,834.593994140625,263.7663879394531,0.8328715562820435,830.7402954101562,268.06817626953125,0.9904512763023376,822.6087036132812,262.77716064453125,0.9988703727722168,884.98486328125,216.36058044433594,0.9999934434890747,878.7791748046875,202.4821014404297,0.9999980926513672,881.0128173828125,209.0456085205078,0.48985806107521057,884.6250610351562,205.18048095703125,0.9960795044898987,884.3851928710938,201.1061248779297,0.9999890327453613,878.6273193359375,196.1288604736328,0.9999802112579346,867.93798828125,199.4122314453125,0.9999842643737793
173,997.796875,235.00970458984375,0.9999997615814209,945.5890502929688,232.841552734375,0.9999995231628418,944.7694702148438,241.3882598876953,0.9999985694885254,944.3102416992188,223.41944885253906,0.9999996423721313,876.7619018554688,225.70046997070312,0.9999994039535522,871.3045654296875,237.70132446289062,0.9999997019767761,912.5604248046875,232.55577087402344,0.9999996423721313,874.0759887695312,231.062255859375,0.9999998807907104,825.1436767578125,222.5694580078125,0.9999994039535522,777.86474609375,228.4019317626953,0.9999998807907104,938.32275390625,210.3191680908203,0.9999801516532898,935.5604858398438,203.631103515625,0.9993031024932861,927.4456176757812,205.1905517578125,0.7137225270271301,926.4179077148438,197.6526641845703,0.7006901502609253,937.0443725585938,197.86044311523438,0.28712689876556396,941.8096313476562,203.80682373046875,0.43618491291999817,940.862548828125,209.77670288085938,0.2105976641178131,938.5681762695312,249.47544860839844,0.9999150037765503,939.91796875,259.0450439453125,0.9999979734420776,939.7197265625,266.8017578125,0.9999741315841675,945.0897827148438,266.30841064453125,0.999997615814209,949.4444580078125,260.9432067871094,0.999999463558197,947.5033569335938,256.17138671875,0.9992238283157349,940.92138671875,251.0252227783203,0.04503569006919861,861.5048217773438,251.0582733154297,0.999995231628418,835.6064453125,252.91860961914062,0.9999923706054688,827.2940673828125,247.38943481445312,0.37837961316108704,839.697509765625,253.57273864746094,0.006595045328140259,838.5065307617188,261.6418762207031,0.9815836548805237,834.6270751953125,264.7180480957031,0.9994083642959595,827.66015625,260.1358642578125,0.9988864660263062,887.8775024414062,212.63800048828125,0.999998927116394,876.717041015625,202.5428924560547,0.9999973773956299,881.2800903320312,210.5186309814453,0.2829655408859253,884.4114379882812,205.0725555419922,0.9856572151184082,884.345703125,199.33216857910156,0.9999922513961792,877.55859375,194.66236877441406,0.9999939203262329,867.4155883789062,200.66397094726562,0.9999919533729553
174,1007.2914428710938,237.6385040283203,0.9999179244041443,950.7088012695312,234.697265625,0.9999821186065674,949.1798095703125,243.7335205078125,0.9999992847442627,952.5523681640625,226.61917114257812,0.9999915361404419,881.1640014648438,225.9456024169922,0.9999997615814209,880.124755859375,240.1334991455078,0.9999994039535522,917.5139770507812,231.69741821289062,0.9999995827674866,880.2512817382812,233.0198516845703,0.9999999403953552,827.4454345703125,226.67550659179688,0.9999998807907104,781.6036987304688,228.4447479248047,1.0,957.3734741210938,213.8999786376953,0.9997212886810303,969.5838623046875,207.9039306640625,0.9956775903701782,967.77392578125,199.44305419921875,0.39643919467926025,972.9612426757812,200.34539794921875,0.3250126838684082,975.5148315429688,205.09909057617188,0.6406992077827454,973.4117431640625,209.61166381835938,0.8133782744407654,971.4683837890625,213.05819702148438,0.891818642616272,942.3615112304688,250.59767150878906,0.9989505410194397,941.2495727539062,259.1614685058594,0.999923825263977,939.4722290039062,266.72918701171875,0.9996302127838135,945.2705688476562,266.41455078125,0.9999836087226868,950.5098266601562,260.55828857421875,0.9999844431877136,948.7900390625,257.0916748046875,0.9917260408401489,943.8563842773438,254.39990234375,0.019237220287322998,883.1641235351562,255.10321044921875,0.9999762773513794,859.8443603515625,255.90811157226562,0.9999885559082031,854.0654907226562,252.04075622558594,0.7101438045501709,973.467041015625,192.36666870117188,0.0021195709705352783,866.1322021484375,263.9007263183594,0.0882996916770935,863.8876342773438,266.30780029296875,0.728573203086853,851.6124877929688,262.04827880859375,0.9925719499588013,888.677001953125,209.1774444580078,0.9999960660934448,874.680908203125,203.22825622558594,0.9999985694885254,879.5778198242188,210.5397491455078,0.21979078650474548,884.2638549804688,204.11061096191406,0.9583098888397217,882.6263427734375,198.17721557617188,0.9999914169311523,875.2801513671875,194.76463317871094,0.9999970197677612,866.739013671875,201.1335906982422,0.9999870657920837
175,1008.5260620117188,239.46240234375,0.9972882270812988,958.39892578125,237.3832550048828,0.9999983310699463,955.1173095703125,245.22793579101562,0.9999998807907104,960.7776489257812,229.14451599121094,0.9999994039535522,886.748291015625,228.42764282226562,0.9999983310699463,891.47607421875,241.659423828125,0.9999997019767761,924.2229614257812,232.5459442138672,0.9999994039535522,888.4334106445312,234.63536071777344,0.9999996423721313,837.8558349609375,234.11134338378906,0.9999994039535522,787.0496826171875,228.0060272216797,0.9999997615814209,971.18212890625,216.3655548095703,0.9999663829803467,986.2734375,215.41700744628906,0.9999691247940063,985.0177001953125,208.0777587890625,0.9994115829467773,989.6563720703125,208.01661682128906,0.9997948408126831,993.422607421875,213.53573608398438,0.9999807476997375,992.8770751953125,218.9074249267578,0.9998621940612793,986.76025390625,221.06272888183594,0.9989783763885498,948.8502807617188,250.64036560058594,0.9999792575836182,943.634033203125,260.5438232421875,0.9999823570251465,940.460205078125,267.12640380859375,0.9999034404754639,947.4718017578125,268.2917175292969,0.9999942183494568,950.7241821289062,262.2793884277344,0.9999585151672363,949.437744140625,257.6647644042969,0.9166332483291626,945.6054077148438,252.78939819335938,0.024331897497177124,901.0821533203125,251.43731689453125,0.9999940991401672,891.9354248046875,264.29095458984375,0.9996646642684937,893.6674194335938,258.8163757324219,0.01766049861907959,898.61962890625,260.6111145019531,0.9757821559906006,899.4666748046875,265.77130126953125,0.9957629442214966,897.8443603515625,270.9699401855469,0.9996243715286255,889.437255859375,271.2022399902344,0.9997240900993347,888.5986938476562,209.14967346191406,0.9999817609786987,874.670166015625,202.63404846191406,0.9999876022338867,878.4651489257812,211.00938415527344,0.04761478304862976,884.8308715820312,204.57412719726562,0.868638277053833,882.4500122070312,199.45445251464844,0.9999628663063049,875.7178955078125,195.32647705078125,0.9999938011169434,864.6846313476562,201.2104949951172,0.9999784827232361
176,1015.94921875,244.0304718017578,0.7772681713104248,967.5131225585938,239.73219299316406,0.9999999403953552,961.6480102539062,248.02244567871094,0.9999998807907104,969.9330444335938,232.02255249023438,0.9999995231628418,893.6737670898438,233.4385223388672,0.9999959468841553,899.9531860351562,246.17601013183594,0.9999999403953552,931.0892333984375,235.76527404785156,1.0,896.5721435546875,240.01382446289062,1.0,845.6492309570312,241.99644470214844,0.9999985694885254,800.7601928710938,231.78067016601562,0.9999994039535522,981.4481811523438,218.11392211914062,0.9999974966049194,997.6098022460938,214.97315979003906,0.999994158744812,997.6775512695312,206.99925231933594,0.9996349811553955,1002.4002685546875,208.32452392578125,0.9994561672210693,1005.0460815429688,212.8096466064453,0.9999241828918457,1002.9432983398438,218.94131469726562,0.9999732971191406,997.4781494140625,221.38807678222656,0.9997609853744507,954.2688598632812,254.01577758789062,0.9999732971191406,945.9432983398438,263.1402587890625,0.9999805688858032,943.0762939453125,269.2245788574219,0.999951958656311,951.2718505859375,270.58807373046875,0.9999604821205139,952.5355224609375,265.3113708496094,0.9981710314750671,951.5103149414062,260.33160400390625,0.6869315505027771,944.4796752929688,256.66656494140625,0.5013375878334045,913.2171630859375,252.42636108398438,0.9999980926513672,912.3875122070312,266.6091613769531,0.9999804496765137,913.4901733398438,261.6484069824219,0.13681772351264954,917.9147338867188,262.7904357910156,0.999575138092041,919.9421997070312,268.4729919433594,0.9998853206634521,919.6719970703125,273.2263488769531,0.9999933242797852,910.9932250976562,275.25274658203125,0.9999950528144836,890.1071166992188,214.0357666015625,0.9999922513961792,873.9501342773438,203.93580627441406,0.9999747276306152,879.4381713867188,209.62979125976562,0.4406971335411072,884.0473022460938,204.3760223388672,0.9987165331840515,880.0173950195312,200.16445922851562,0.9999967813491821,874.534423828125,196.1404266357422,0.9999905824661255,863.3274536132812,202.35720825195312,0.9999403953552246
177,1017.0389404296875,251.77944946289062,0.024227917194366455,976.4483032226562,243.6171112060547,0.9999998807907104,971.7813110351562,252.3798370361328,0.9999990463256836,979.6229248046875,235.62875366210938,0.9999997615814209,902.5573120117188,237.90269470214844,0.9999998807907104,907.9437255859375,249.98776245117188,0.9999997019767761,940.8505249023438,238.4097442626953,0.9999997019767761,906.6729736328125,244.48052978515625,1.0,855.831787109375,246.786865234375,0.9999997615814209,811.76220703125,234.1222381591797,0.9999995231628418,989.3216552734375,222.75912475585938,0.99997478723526,1005.2056884765625,216.5281524658203,0.9999294877052307,1004.1718139648438,208.8424835205078,0.9977113604545593,1011.1051025390625,208.91995239257812,0.9920040965080261,1012.2413330078125,216.9553985595703,0.9960211515426636,1009.9969482421875,221.3210906982422,0.9992015361785889,1003.9346923828125,224.3038330078125,0.9992139935493469,961.5430297851562,259.30364990234375,0.9997097253799438,949.1405029296875,265.8012390136719,0.9992525577545166,946.2326049804688,269.3753967285156,0.937857449054718,952.2548217773438,268.7980041503906,0.39784425497055054,953.6404418945312,267.89605712890625,0.0919334888458252,954.2449340820312,266.57940673828125,0.008402734994888306,948.2631225585938,261.79876708984375,0.5617497563362122,924.1852416992188,255.6154327392578,0.9999924898147583,926.8220825195312,269.3453369140625,0.9999897480010986,927.154541015625,262.6598205566406,0.742458701133728,931.0077514648438,263.1962890625,0.9998334646224976,932.9622802734375,270.11041259765625,0.9999384880065918,932.8898315429688,276.8599853515625,0.9999967217445374,922.7124633789062,277.510986328125,0.9999870657920837,895.6119995117188,219.60984802246094,0.999618411064148,876.9176025390625,206.3368682861328,0.9998620748519897,880.5447387695312,210.53115844726562,0.3631645441055298,884.6600952148438,205.1096954345703,0.9980296492576599,881.0951538085938,201.29820251464844,0.9999826550483704,875.726318359375,197.81988525390625,0.999988317489624,866.205322265625,203.061767578125,0.999954104423523
178,1019.956787109375,256.76702880859375,0.0006573200225830078,981.9110107421875,249.2227325439453,0.9999998211860657,978.1777954101562,256.8437805175781,0.9999997615814209,985.8970947265625,240.870361328125,0.9999997019767761,909.628173828125,241.04774475097656,0.9999998807907104,912.5638427734375,253.20933532714844,1.0,948.2640380859375,242.88340759277344,1.0,911.9661254882812,247.0194854736328,1.0,859.2172241210938,248.12777709960938,0.9999997615814209,810.0709228515625,235.58999633789062,0.9999994039535522,991.6781005859375,225.35760498046875,0.9999971985816956,1003.37255859375,218.88665771484375,0.9999837875366211,1001.5166625976562,209.62677001953125,0.9989151954650879,1008.916748046875,210.5139617919922,0.9964313507080078,1010.6763916015625,218.29519653320312,0.9981786012649536,1006.8990478515625,225.24400329589844,0.9996603727340698,1002.5283203125,226.00924682617188,0.9990692734718323,967.3400268554688,262.53009033203125,0.9997535943984985,953.566162109375,267.6268310546875,0.9948045611381531,951.153076171875,273.706298828125,0.9712108969688416,957.68896484375,270.6092529296875,0.3926684856414795,958.3017578125,269.0069274902344,0.028900593519210815,958.1541137695312,265.53271484375,0.0060037970542907715,952.1298217773438,262.9598693847656,0.805199921131134,925.2697143554688,260.6398010253906,0.9999980926513672,922.0326538085938,274.77044677734375,0.9999518990516663,930.7240600585938,265.9661865234375,0.6139926910400391,930.8795166015625,268.9916076660156,0.996573805809021,930.3346557617188,274.5675354003906,0.9996120929718018,929.4097900390625,279.66693115234375,0.9998846650123596,917.45166015625,281.6718444824219,0.9999773502349854,901.437744140625,223.9725799560547,0.9992749094963074,881.6312255859375,210.9134063720703,0.9999810457229614,882.5802612304688,214.11822509765625,0.22705870866775513,887.1504516601562,208.49266052246094,0.990938663482666,884.2303466796875,203.4686737060547,0.9999247789382935,877.18701171875,202.3918914794922,0.9999456405639648,870.1376342773438,206.0270538330078,0.9998120069503784
179,1019.0502319335938,259.3232727050781,0.00035253167152404785,982.533447265625,253.6122589111328,0.9999994039535522,979.7953491210938,260.6645812988281,0.9999992847442627,986.6709594726562,244.58314514160156,0.9999991655349731,913.7727661132812,242.1659393310547,1.0,916.0457763671875,254.38796997070312,0.9999999403953552,951.814453125,247.10812377929688,0.9999998807907104,915.66357421875,248.22622680664062,1.0,863.0638427734375,246.94366455078125,0.9999998807907104,811.8170776367188,235.9211883544922,0.9999998807907104,991.825927734375,229.47967529296875,0.9999913573265076,1004.29296875,220.3506317138672,0.9999361038208008,1002.3451538085938,211.45248413085938,0.9986032247543335,1009.729248046875,210.9726104736328,0.9954841732978821,1012.3558349609375,218.46871948242188,0.9939733743667603,1008.6535034179688,225.9500274658203,0.9991204738616943,1004.7437133789062,226.88577270507812,0.9979079961776733,968.00244140625,267.8464660644531,0.9994773864746094,957.7669677734375,269.3568420410156,0.9753820300102234,955.356201171875,273.2279357910156,0.9761852025985718,962.4067993164062,272.6891174316406,0.1965489685535431,959.7841796875,269.501708984375,0.0021868348121643066,961.8076782226562,266.21197509765625,0.0018166601657867432,957.1046142578125,263.9942932128906,0.05954846739768982,926.1931762695312,264.9874572753906,0.9999865293502808,919.3057861328125,273.4546813964844,0.9998080730438232,922.27490234375,267.06304931640625,0.07766273617744446,929.104736328125,268.6395263671875,0.9821054935455322,926.9568481445312,274.9216003417969,0.9979411363601685,922.8045043945312,281.1458740234375,0.9965767860412598,913.3575439453125,278.3331604003906,0.9949302673339844,907.1028442382812,224.7879180908203,0.9998337626457214,884.1655883789062,211.91578674316406,0.9999840259552002,885.83544921875,212.8946990966797,0.052114784717559814,887.4497680664062,209.00132751464844,0.9217299222946167,886.2179565429688,205.1537628173828,0.9985915422439575,879.2277221679688,203.6911163330078,0.9994717240333557,873.1448974609375,206.3512420654297,0.9994941353797913
180,1019.1758422851562,259.3782958984375,0.00020864605903625488,985.9341430664062,254.6259307861328,0.9999909400939941,983.5171508789062,260.47760009765625,0.9999982118606567,988.7601318359375,245.0452423095703,0.9999986886978149,919.9217529296875,241.93470764160156,0.9999997615814209,920.7989501953125,254.1746063232422,0.9999945163726807,955.2115478515625,248.8801727294922,0.999998927116394,919.8540649414062,248.21719360351562,0.9999998807907104,864.8019409179688,243.71372985839844,0.9999985694885254,813.6322021484375,237.51226806640625,0.9999998807907104,992.9798583984375,230.7199249267578,0.9999946355819702,1005.6528930664062,221.53184509277344,0.9997107982635498,1003.4260864257812,212.156494140625,0.9989179372787476,1010.81201171875,211.49708557128906,0.9959717988967896,1014.0559692382812,218.72975158691406,0.9815564751625061,1010.552490234375,226.33949279785156,0.9964251518249512,1006.851318359375,227.9104461669922,0.9922076463699341,974.8856201171875,268.5765686035156,0.999769926071167,963.8274536132812,271.5203857421875,0.9936350584030151,961.618408203125,277.9360656738281,0.9897357225418091,967.9885864257812,275.5487060546875,0.2422742247581482,971.127685546875,272.2403564453125,0.0038576126098632812,969.2705078125,267.3533630371094,0.004387915134429932,964.068359375,266.0818786621094,0.07185015082359314,927.5615234375,265.6676330566406,0.9999886751174927,916.8766479492188,274.4537658691406,0.9999045729637146,911.101318359375,269.4656982421875,0.1078159511089325,927.7814331054688,271.5585632324219,0.20468491315841675,924.15234375,278.6324768066406,0.965394139289856,920.8048095703125,283.89373779296875,0.9570201635360718,911.0594482421875,278.6038818359375,0.822262167930603,915.0150146484375,226.7599334716797,0.9998786449432373,888.8651123046875,221.8033905029297,0.9999911785125732,897.73486328125,230.06295776367188,0.0070573389530181885,895.7789916992188,222.34107971191406,0.08718618750572205,893.406494140625,219.15744018554688,0.9949173927307129,885.864501953125,216.40550231933594,0.9999710321426392,880.0261840820312,219.78257751464844,0.9999249577522278
181,1016.7056884765625,260.9101257324219,0.00023499131202697754,988.3021240234375,253.0570526123047,0.9999948143959045,987.0347290039062,261.13916015625,0.9999991059303284,991.4005737304688,244.42994689941406,0.999997615814209,924.3645629882812,242.60775756835938,0.9999995827674866,925.0588989257812,254.10569763183594,0.9999940395355225,960.6685791015625,249.05763244628906,0.9999956488609314,925.0384521484375,248.7208709716797,0.999999463558197,870.84619140625,245.93511962890625,0.9999970197677612,815.8294677734375,237.92642211914062,0.9999999403953552,996.644775390625,227.8089141845703,0.9999970197677612,1008.4851684570312,221.2562255859375,0.9994466304779053,1004.1177978515625,212.21875,0.9982991814613342,1011.4938354492188,211.13999938964844,0.992662787437439,1014.6661987304688,218.57029724121094,0.9273184537887573,1011.7028198242188,225.8193817138672,0.9682336449623108,1008.2667846679688,227.62892150878906,0.9628183841705322,980.443359375,268.8992919921875,0.9999842643737793,973.1362915039062,273.6081237792969,0.9999099969863892,971.3544311523438,277.470458984375,0.9996242523193359,978.3115234375,278.4609680175781,0.993285059928894,980.8739624023438,274.98077392578125,0.878406286239624,979.3013916015625,271.89129638671875,0.3550772964954376,973.8900146484375,267.8280029296875,0.2295149564743042,929.9865112304688,266.6517333984375,0.9999745488166809,915.3621215820312,270.4998779296875,0.9997395277023315,908.1707153320312,265.7746887207031,0.2904466986656189,925.0340576171875,267.5071716308594,0.0185377299785614,925.4097290039062,273.9421691894531,0.04712316393852234,920.3878173828125,281.71923828125,0.2910301685333252,909.133544921875,275.22528076171875,0.7454396486282349,920.5628051757812,228.3441619873047,0.9999940395355225,903.357177734375,224.90516662597656,0.9999980926513672,905.5197143554688,233.57106018066406,0.10335958003997803,913.7536010742188,225.85513305664062,0.036233603954315186,911.8489379882812,222.4488525390625,0.9752460718154907,905.478515625,217.7291259765625,0.9999328851699829,896.1427612304688,220.14065551757812,0.999981164932251
182,1014.0172729492188,256.3555603027344,0.0003445744514465332,1001.41845703125,252.95986938476562,0.9996989965438843,999.9536743164062,261.7107849121094,0.9999855756759644,1000.7272338867188,242.0723114013672,0.9998608231544495,931.500732421875,242.4686737060547,0.9999996423721313,931.5885009765625,256.4571228027344,0.9999991655349731,968.5425415039062,250.69967651367188,0.9999998807907104,930.6028442382812,249.61880493164062,1.0,880.0675048828125,248.19854736328125,0.9999932050704956,824.9489135742188,241.25299072265625,0.9999999403953552,1001.4825439453125,225.9027099609375,0.9999876022338867,1011.4444580078125,218.1219024658203,0.9989773035049438,1005.0104370117188,210.44020080566406,0.9683398008346558,1010.42138671875,207.78663635253906,0.896626353263855,1013.01123046875,212.11280822753906,0.4569436013698578,1015.4633178710938,217.80746459960938,0.5068711638450623,1013.7296142578125,222.4788055419922,0.31842201948165894,999.9590454101562,271.6165466308594,0.9987920522689819,999.0656127929688,278.4256286621094,0.9998277425765991,997.3550415039062,284.3936767578125,0.9996355175971985,1000.7262573242188,286.1582946777344,0.9872971773147583,1007.136474609375,280.26312255859375,0.955661416053772,1004.807373046875,275.8191833496094,0.9358158111572266,1001.0096435546875,274.224609375,0.2599636912345886,932.8578491210938,269.3011474609375,0.9999960660934448,915.626708984375,274.5038146972656,0.9999098777770996,908.20947265625,269.3700866699219,0.8468024134635925,1008.5897827148438,196.03004455566406,0.04534021019935608,924.133544921875,281.7938537597656,0.030239641666412354,919.1214599609375,284.8439636230469,0.5534021854400635,907.8350219726562,278.9907531738281,0.8418251872062683,934.8106689453125,226.5679473876953,0.9999997615814209,919.3093872070312,222.73580932617188,0.9999980330467224,922.9013061523438,231.6359100341797,0.17348742485046387,929.3994140625,224.3070831298828,0.9355965852737427,931.573486328125,218.9044647216797,0.9999401569366455,925.479736328125,213.31292724609375,0.9999983310699463,912.7398681640625,217.94561767578125,0.9999947547912598
183,997.0938110351562,250.20516967773438,0.00011786818504333496,1001.0822143554688,251.259033203125,0.9999287128448486,1000.9930419921875,258.6667785644531,0.9999647736549377,999.9869384765625,240.03060913085938,0.9999229907989502,934.7619018554688,242.39151000976562,0.9999995827674866,932.6549072265625,256.230712890625,0.9999992847442627,969.91552734375,249.3796844482422,0.9999995231628418,933.6425170898438,249.2771453857422,0.9999998807907104,882.941650390625,249.16580200195312,0.999997615814209,831.493896484375,249.6611785888672,0.9999997615814209,1002.02001953125,225.59315490722656,0.9999597072601318,1010.8212280273438,218.33457946777344,0.9983242750167847,1007.8800048828125,210.327880859375,0.9425239562988281,1010.2603149414062,208.03370666503906,0.9127423763275146,1012.6761474609375,212.26255798339844,0.3493644595146179,1013.0213012695312,217.48130798339844,0.3205832242965698,1013.1661987304688,222.5697784423828,0.29345589876174927,1004.474853515625,269.9537048339844,0.999556303024292,1010.955322265625,274.58453369140625,0.9970849752426147,1009.2229614257812,279.6313781738281,0.9827257394790649,1013.3010864257812,278.4290466308594,0.39444440603256226,1015.4976806640625,274.720458984375,0.29945939779281616,1014.0015258789062,270.9133605957031,0.36821115016937256,1009.8283081054688,270.08575439453125,0.28154006600379944,936.2157592773438,271.331298828125,0.9999947547912598,916.7051391601562,274.621337890625,0.9999853372573853,910.0633544921875,271.15972900390625,0.8219761252403259,1008.8506469726562,196.1052703857422,0.020574748516082764,924.9763793945312,280.5236511230469,0.0656786561012268,918.2025756835938,284.9698486328125,0.4024031162261963,908.2169189453125,277.4471130371094,0.5965689420700073,942.974609375,227.55606079101562,0.9999977350234985,931.3467407226562,220.96383666992188,0.9999997019767761,933.5287475585938,228.67898559570312,0.07063204050064087,940.3335571289062,223.90182495117188,0.9840648174285889,941.2321166992188,216.02976989746094,0.9999750852584839,935.255859375,211.91236877441406,0.9999973773956299,923.7523803710938,215.60015869140625,0.9999929666519165
184,1015.6348876953125,251.74295043945312,4.920363426208496e-05,1005.7869262695312,250.04054260253906,0.9973029494285583,1006.1883544921875,259.1250305175781,0.998642086982727,1002.8621826171875,239.99508666992188,0.9995294809341431,939.0811767578125,240.9574737548828,0.9999986886978149,933.7664184570312,255.69947814941406,0.9999994039535522,973.4082641601562,250.12277221679688,0.9999998807907104,936.062255859375,248.24195861816406,0.9999997615814209,885.8256225585938,248.89801025390625,0.9999836683273315,835.7191162109375,251.9093475341797,0.9999994039535522,1000.97607421875,226.3497314453125,0.9995281100273132,1011.0459594726562,218.5469512939453,0.9879549741744995,1003.6153564453125,210.5515594482422,0.7808433771133423,1005.4537963867188,208.46812438964844,0.38153016567230225,1012.5809936523438,210.47647094726562,0.0293428897857666,1014.385498046875,216.94480895996094,0.04493147134780884,1012.9121704101562,221.98812866210938,0.05221825838088989,1008.6951293945312,269.38641357421875,0.9662166833877563,1013.6613159179688,276.1240234375,0.066834956407547,1012.8157958984375,279.5211181640625,0.08279436826705933,1012.9025268554688,278.61993408203125,0.0002429485321044922,1014.1334838867188,276.138671875,0.00015875697135925293,1006.4532470703125,261.2315673828125,0.0005488693714141846,1011.7012939453125,271.8059997558594,0.0004681050777435303,935.2456665039062,271.01220703125,0.9999747276306152,915.984375,273.9310607910156,0.9999715089797974,908.741943359375,271.1976318359375,0.04621654748916626,1008.62255859375,205.68055725097656,0.027696728706359863,923.10400390625,279.73779296875,0.43872907757759094,916.6092529296875,284.8599853515625,0.71346116065979,907.9815063476562,278.4210205078125,0.7608904838562012,951.3531494140625,227.9086456298828,0.9999992251396179,940.74072265625,220.81039428710938,0.9999960660934448,945.372802734375,228.27059936523438,0.10895520448684692,949.8115234375,223.36729431152344,0.9667314887046814,949.913818359375,213.9991455078125,0.9999364018440247,943.641357421875,210.74880981445312,0.9999850988388062,933.1724853515625,213.9675750732422,0.9999940395355225
185,1012.5820922851562,249.60421752929688,0.0003040432929992676,1010.7340087890625,246.4499969482422,0.999250590801239,1011.3013916015625,255.92172241210938,0.9928205013275146,1005.1927490234375,238.53663635253906,0.999859631061554,945.5844116210938,241.3190155029297,0.9999974966049194,939.6220092773438,253.5363311767578,0.9999772310256958,977.888916015625,251.89886474609375,1.0,943.47412109375,248.248779296875,0.9999961256980896,895.4542846679688,246.56649780273438,0.9996552467346191,842.796630859375,251.78529357910156,0.9999994039535522,1001.0365600585938,226.82469177246094,0.9997023344039917,1007.7994384765625,219.68582153320312,0.9960370063781738,1001.2743530273438,211.11654663085938,0.9313429594039917,1003.61865234375,209.34141540527344,0.6475051641464233,1008.7589721679688,213.3026580810547,0.06970304250717163,1010.508056640625,218.29986572265625,0.14748930931091309,1009.8187255859375,224.6761932373047,0.13391318917274475,1010.7525634765625,265.8498840332031,0.9608765840530396,1010.7528686523438,270.0339660644531,0.4605585038661957,1011.2169189453125,277.4085693359375,0.7927083969116211,1011.9326782226562,275.82354736328125,0.014904230833053589,1012.0514526367188,273.1064758300781,0.003962039947509766,1012.003173828125,267.5107421875,0.0032972395420074463,1011.4033813476562,272.7233581542969,0.0038594603538513184,932.193115234375,271.4364929199219,0.9999562501907349,913.4824829101562,274.5516662597656,0.9999707937240601,904.9125366210938,268.1302795410156,0.2895524203777313,1006.8757934570312,206.21603393554688,0.009979486465454102,920.8692016601562,280.660400390625,0.8553552627563477,913.7991943359375,284.9509582519531,0.92766273021698,905.0430908203125,277.9024353027344,0.9623974561691284,959.2057495117188,230.65496826171875,0.9999940991401672,952.316650390625,219.08351135253906,0.9999991655349731,955.9846801757812,226.55999755859375,0.42422178387641907,958.6837768554688,223.95703125,0.980046808719635,960.8366088867188,215.3452911376953,0.9997596740722656,952.6398315429688,212.16075134277344,0.9999592304229736,943.6639404296875,213.92056274414062,0.9999818801879883
186,1012.8021850585938,246.6406707763672,0.00042188167572021484,1012.2421264648438,246.06015014648438,0.9994248151779175,1012.415771484375,255.286376953125,0.9953123331069946,1005.608154296875,237.7919464111328,0.9996492266654968,948.9163818359375,241.9471893310547,0.9999964237213135,943.1890869140625,252.5022430419922,0.9998217821121216,981.5781860351562,251.691650390625,1.0,945.5721435546875,248.23947143554688,0.9999972581863403,898.4929809570312,244.6029052734375,0.9999626874923706,847.7621459960938,251.2502899169922,0.9999970197677612,1000.0509033203125,227.7834930419922,0.9999158382415771,1003.8175048828125,220.03941345214844,0.9978827834129333,1000.8368530273438,210.88645935058594,0.9397403001785278,1006.3219604492188,209.59542846679688,0.8047530651092529,1006.7073974609375,215.25106811523438,0.4637730121612549,1007.176513671875,219.44708251953125,0.567570149898529,1007.6965942382812,222.8674774169922,0.42871731519699097,1010.6427612304688,263.70745849609375,0.9697655439376831,1011.0455932617188,268.7960205078125,0.5949365496635437,1011.9453125,276.2948303222656,0.9004796147346497,1012.8032836914062,274.6285400390625,0.026812970638275146,1012.863037109375,271.92413330078125,0.006643831729888916,1012.6183471679688,264.51190185546875,0.013109296560287476,1011.2103271484375,271.2900390625,0.01869603991508484,931.0467529296875,271.2327575683594,0.9997527599334717,913.0023803710938,273.9698791503906,0.999993085861206,905.26318359375,267.5306091308594,0.8190001249313354,919.7551879882812,273.7586364746094,0.05844306945800781,920.9572143554688,279.73553466796875,0.9852594137191772,914.1531372070312,283.64862060546875,0.99031662940979,905.395751953125,277.4364929199219,0.9917885661125183,965.5794067382812,232.07852172851562,0.9999804496765137,962.7869262695312,217.5379180908203,0.9999992847442627,964.9843139648438,225.5975341796875,0.9764176607131958,968.3737182617188,221.5809326171875,0.9982991218566895,969.802490234375,212.0070037841797,0.9999316930770874,962.8463134765625,210.5228271484375,0.9999181628227234,953.7130737304688,212.12646484375,0.9999481439590454
187,1011.78466796875,244.72793579101562,0.0012881159782409668,1013.3756713867188,243.76422119140625,0.9963019490242004,1013.8423461914062,252.413818359375,0.9815274477005005,1007.4078369140625,235.79129028320312,0.9962948560714722,951.8558959960938,240.03656005859375,0.9999459385871887,944.7031860351562,250.89761352539062,0.999869704246521,983.293212890625,249.53952026367188,0.999999463558197,948.3916625976562,245.2811279296875,0.999998927116394,900.794677734375,241.98956298828125,0.9999518394470215,849.0751953125,251.76437377929688,0.9999992847442627,999.7814331054688,225.75042724609375,0.9999117851257324,999.7892456054688,218.25900268554688,0.9984523057937622,996.38525390625,211.24769592285156,0.7777055501937866,1003.4596557617188,207.4107208251953,0.7190916538238525,1004.372314453125,213.3254852294922,0.5721534490585327,1005.2733764648438,218.8938751220703,0.8280528783798218,1005.645751953125,222.5441436767578,0.5570442080497742,1011.6255493164062,261.5729675292969,0.9611295461654663,1011.2366943359375,267.99139404296875,0.2428417205810547,1012.055908203125,274.559814453125,0.8560900688171387,1012.1458740234375,272.9424133300781,0.018061190843582153,1010.1488037109375,262.2144470214844,0.003897249698638916,1013.3094482421875,262.5934753417969,0.0039841532707214355,1011.0425415039062,270.3789367675781,0.008162975311279297,932.0302734375,269.5704040527344,0.9995602369308472,914.580810546875,273.698486328125,0.9999967813491821,907.0325317382812,267.2645568847656,0.7725894451141357,921.52685546875,273.45465087890625,0.01411411166191101,923.0228271484375,278.95379638671875,0.9794892072677612,914.7024536132812,282.97857666015625,0.9933971166610718,905.8511352539062,278.1876525878906,0.9960837960243225,969.2396850585938,231.0830841064453,0.9997089505195618,971.0269165039062,213.17349243164062,0.999999463558197,972.574462890625,220.4271240234375,0.9952703714370728,975.3472290039062,218.05718994140625,0.998384952545166,976.3160400390625,208.23948669433594,0.9999406337738037,970.6305541992188,206.33883666992188,0.999817430973053,962.4797973632812,207.73782348632812,0.9999188780784607
188,1013.383056640625,241.31719970703125,0.0016772747039794922,1011.7554931640625,240.60494995117188,0.9895790219306946,1012.3790283203125,247.87596130371094,0.9186424612998962,1007.1459350585938,232.72488403320312,0.988473117351532,953.5289306640625,238.85133361816406,0.9999639391899109,946.8037109375,246.95144653320312,0.9998635649681091,983.681884765625,246.33416748046875,0.9999957084655762,950.2452392578125,242.33119201660156,0.999998152256012,904.162353515625,239.7919464111328,0.9998296499252319,854.7574462890625,250.31431579589844,0.9999972581863403,997.941162109375,223.9532012939453,0.9996607303619385,995.8582763671875,217.272216796875,0.9997256994247437,994.4361572265625,209.0663604736328,0.9870254993438721,997.4764404296875,208.6412811279297,0.970563530921936,999.0263061523438,213.6091766357422,0.9571675658226013,999.1748046875,220.12460327148438,0.991980791091919,1000.06982421875,221.27279663085938,0.8794444799423218,1009.5662841796875,255.7657012939453,0.9841442108154297,1008.0224609375,261.7700500488281,0.3830822706222534,1007.3383178710938,266.0330810546875,0.8123601675033569,1008.549072265625,262.2947692871094,0.11747640371322632,1008.4591064453125,259.0672607421875,0.04528036713600159,1009.3615112304688,254.93988037109375,0.039868712425231934,1005.8812255859375,255.10946655273438,0.005607098340988159,932.2005615234375,266.9042053222656,0.9979864954948425,916.515625,271.86627197265625,0.9999939799308777,912.3926391601562,265.831787109375,0.4540608525276184,927.9357299804688,271.9902038574219,0.014912575483322144,924.73046875,278.2357482910156,0.9901089668273926,916.6783447265625,282.3934020996094,0.9951174259185791,908.2918701171875,276.9738464355469,0.9972530007362366,971.9758911132812,227.92727661132812,0.9997327327728271,976.2984619140625,211.30413818359375,0.9999989867210388,977.054931640625,218.4778289794922,0.9996911883354187,981.4752197265625,214.1099853515625,0.9998164176940918,983.5245361328125,206.11866760253906,0.9999457597732544,977.0677490234375,201.58445739746094,0.999977707862854,968.0457763671875,204.75299072265625,0.9995909929275513
189,1012.3643188476562,239.42520141601562,0.0003819465637207031,1012.193603515625,240.65243530273438,0.9649909734725952,1012.2852783203125,247.6078643798828,0.6975085139274597,1007.8580322265625,233.509521484375,0.9888966083526611,955.511962890625,236.70985412597656,0.9999738931655884,948.2314453125,244.63450622558594,0.9999774694442749,984.176025390625,244.4284210205078,0.9999832510948181,951.9204711914062,239.73329162597656,0.999995231628418,910.779541015625,238.21836853027344,0.9998080730438232,854.497802734375,249.91607666015625,0.9999625086784363,1001.5536499023438,223.3934783935547,0.999421238899231,998.3662109375,217.7510986328125,0.9990757703781128,996.1397094726562,211.01724243164062,0.9758337736129761,998.70166015625,209.56649780273438,0.949221134185791,1003.1954345703125,213.63623046875,0.9154932498931885,1003.1634521484375,218.860107421875,0.9763392210006714,1001.7240600585938,221.73287963867188,0.7001795768737793,1009.6480712890625,255.26893615722656,0.9630534052848816,1009.763427734375,261.0273742675781,0.39615654945373535,1007.7689819335938,263.7275085449219,0.74226975440979,1009.902587890625,261.6677551269531,0.09082168340682983,1009.7055053710938,258.73486328125,0.017047911882400513,1011.1805419921875,253.59646606445312,0.009625822305679321,1008.1795043945312,254.3271942138672,0.0020467042922973633,938.07177734375,265.5447692871094,0.9951399564743042,918.2857055664062,270.8531188964844,0.9999830722808838,913.0762939453125,264.9147644042969,0.5551389455795288,929.1594848632812,271.2123107910156,0.014555931091308594,925.537353515625,278.038330078125,0.9589850306510925,918.117919921875,281.27801513671875,0.995761513710022,910.6450805664062,275.6761169433594,0.9969267845153809,972.584228515625,226.09481811523438,0.999954104423523,977.822021484375,209.69915771484375,0.9999961853027344,978.75,215.45758056640625,0.9997240304946899,982.7984619140625,212.85177612304688,0.9997471570968628,985.05615234375,204.59446716308594,0.999935507774353,979.3723754882812,199.50323486328125,0.9999898672103882,968.1337890625,203.03518676757812,0.9995009303092957
190,1013.0458984375,240.7177734375,0.0006064176559448242,954.1719360351562,242.60765075683594,0.9230672121047974,1010.717041015625,248.4011993408203,0.21148690581321716,1006.2437133789062,233.96209716796875,0.9391804337501526,955.8360595703125,238.12673950195312,0.9990789890289307,951.58349609375,243.28416442871094,0.9959008693695068,986.5565795898438,244.6845245361328,0.9999160170555115,956.1852416992188,240.2019500732422,0.9998873472213745,912.2977294921875,237.58750915527344,0.9991496801376343,862.809814453125,249.83641052246094,0.9999892711639404,1001.2559814453125,224.05044555664062,0.9969465732574463,996.3477172851562,217.02127075195312,0.9959407448768616,994.6695556640625,210.82528686523438,0.828595757484436,996.8471069335938,208.85948181152344,0.8882154226303101,998.729248046875,214.292724609375,0.948993444442749,999.1173706054688,220.61424255371094,0.9825143814086914,994.7733764648438,222.27896118164062,0.9253017902374268,1008.83740234375,255.0769805908203,0.8775209188461304,1008.27734375,260.1272277832031,0.5059664845466614,1006.0590209960938,262.8558654785156,0.8066771626472473,1009.61376953125,261.22540283203125,0.2560415267944336,1010.2496337890625,258.5818176269531,0.06538179516792297,1009.4142456054688,253.9405975341797,0.033719778060913086,1001.7544555664062,254.88693237304688,0.008984148502349854,936.9592895507812,262.0686950683594,0.9975178241729736,918.5689086914062,267.20098876953125,0.9999927878379822,913.9715576171875,262.7225646972656,0.9904730319976807,926.2224731445312,267.3327941894531,0.40369462966918945,925.7058715820312,274.6492004394531,0.9977173805236816,919.9130249023438,278.4007263183594,0.9995744228363037,910.40966796875,273.8640441894531,0.9988804459571838,974.3448486328125,225.8708038330078,0.9994001388549805,978.0722045898438,210.13340759277344,0.9999791383743286,977.6240844726562,216.97198486328125,0.9960736632347107,981.946044921875,213.5130615234375,0.9898716807365417,984.6029052734375,204.5502166748047,0.9989866614341736,979.2771606445312,199.54249572753906,0.9999459981918335,967.7091674804688,203.6405792236328,0.9979143142700195
191,1013.4421997070312,241.46339416503906,0.0015356838703155518,956.8162841796875,241.7410125732422,0.9998475313186646,958.4422607421875,246.65882873535156,0.9931225776672363,963.1116943359375,239.42881774902344,0.9585912823677063,960.2661743164062,238.77413940429688,0.7599334716796875,962.037109375,241.97183227539062,0.573905885219574,988.9525756835938,244.97914123535156,0.9979392290115356,959.6918334960938,241.99459838867188,0.9768131971359253,916.5657348632812,237.75424194335938,0.9321719408035278,862.864501953125,249.51368713378906,0.9999701976776123,1000.9190063476562,225.00221252441406,0.9927483797073364,994.6891479492188,216.74942016601562,0.9957758188247681,983.423828125,211.1887664794922,0.6534531712532043,994.7291259765625,208.51983642578125,0.8352117538452148,996.718505859375,213.7903594970703,0.9786394834518433,997.0367431640625,220.5967559814453,0.9957603216171265,990.871337890625,221.60317993164062,0.9537773132324219,947.0888061523438,254.63160705566406,0.9967803955078125,928.07958984375,262.8970642089844,0.9940137267112732,931.0957641601562,264.7723083496094,0.891379177570343,1009.6727294921875,262.2852478027344,0.048675477504730225,1009.5391235351562,260.2022399902344,0.014813005924224854,1008.3062133789062,254.3967742919922,0.00931018590927124,928.9225463867188,258.49761962890625,0.5990246534347534,910.895751953125,257.59710693359375,0.9610241055488586,914.68310546875,265.116943359375,0.9999684691429138,912.8287353515625,261.51513671875,0.9941017627716064,920.1829833984375,261.53009033203125,0.8612868785858154,922.66455078125,269.5229797363281,0.9899148941040039,918.4324951171875,275.36236572265625,0.9997704029083252,908.607666015625,272.4964599609375,0.9994829893112183,976.2050170898438,227.00753784179688,0.273327499628067,974.6717529296875,209.26527404785156,0.9992096424102783,978.1528930664062,219.2791290283203,0.9175636172294617,981.39794921875,213.33328247070312,0.5224425792694092,987.5344848632812,203.15853881835938,0.9788631200790405,978.0653076171875,199.8314666748047,0.9950409531593323,967.9241333007812,204.60931396484375,0.9144446849822998
192,1013.8909301757812,241.13436889648438,0.0036359429359436035,958.79833984375,240.2579803466797,0.9997916221618652,960.606201171875,244.61154174804688,0.9659472703933716,964.8828125,238.17630004882812,0.9866917133331299,962.0180053710938,237.3144073486328,0.9152786135673523,964.3350830078125,241.274658203125,0.7790515422821045,993.4921264648438,245.28793334960938,0.9963400363922119,962.5670776367188,240.94053649902344,0.9928090572357178,921.358642578125,232.9756622314453,0.3687281608581543,865.686767578125,248.3062286376953,0.999909520149231,1001.3148193359375,224.8814239501953,0.9294065833091736,986.8538818359375,214.7270965576172,0.9955363273620605,983.0319213867188,210.7208709716797,0.6781967878341675,994.12890625,209.3979034423828,0.8695070147514343,996.3106689453125,214.91387939453125,0.9845699071884155,996.524169921875,221.8417205810547,0.9957152605056763,983.8314208984375,221.5808868408203,0.9533931016921997,949.979248046875,256.61456298828125,0.8035203218460083,931.9942016601562,261.62579345703125,0.8932915925979614,1006.7509155273438,265.8729553222656,0.5342733860015869,1008.9901733398438,262.37261962890625,0.02818790078163147,1008.4132690429688,260.367919921875,0.011263072490692139,1008.01318359375,254.679931640625,0.011590063571929932,931.9331665039062,257.02813720703125,0.32022178173065186,942.5719604492188,259.7684020996094,0.9343857765197754,918.946533203125,260.5279235839844,0.9999644160270691,915.9412231445312,256.01434326171875,0.8519419431686401,923.8395385742188,258.1440734863281,0.9391582608222961,922.5968017578125,262.8598327636719,0.9989362359046936,921.1517333984375,267.8544921875,0.9975970983505249,915.3017578125,266.0668029785156,0.9974912405014038,975.765625,226.86448669433594,0.16709491610527039,974.9963989257812,209.9716796875,0.9982004165649414,977.8397216796875,219.78396606445312,0.8688427209854126,981.3712768554688,213.3318328857422,0.38746434450149536,988.176513671875,203.25779724121094,0.9605463147163391,978.082763671875,199.44607543945312,0.9905329942703247,967.597412109375,204.3587646484375,0.8775506019592285
193,1014.2495727539062,238.37547302246094,0.011140912771224976,962.6182250976562,239.90484619140625,0.999698281288147,961.8614501953125,242.074462890625,0.9961673021316528,967.377685546875,237.78314208984375,0.9319490194320679,965.3933715820312,237.7176055908203,0.9701700806617737,967.096435546875,240.52313232421875,0.8965588808059692,995.7115478515625,242.99365234375,0.9871218204498291,965.2435913085938,239.30723571777344,0.995150089263916,918.4326171875,233.38052368164062,0.9915825128555298,869.0374755859375,248.25479125976562,0.9999980926513672,1000.3167724609375,223.54078674316406,0.8556896448135376,985.9124755859375,214.0098419189453,0.9984655380249023,982.3032836914062,210.19715881347656,0.8145425319671631,988.99560546875,205.4344482421875,0.8873108625411987,994.806640625,214.1273956298828,0.9792592525482178,990.7412719726562,219.26515197753906,0.9837085604667664,982.649169921875,220.20652770996094,0.9720541834831238,958.12890625,256.6238708496094,0.9274852275848389,946.2529907226562,261.214599609375,0.9715234637260437,949.462890625,263.1864318847656,0.95984947681427,954.5503540039062,262.9926452636719,0.44751548767089844,958.6842041015625,259.6632385253906,0.10026508569717407,953.5718994140625,260.00347900390625,0.12298405170440674,946.9026489257812,255.66122436523438,0.020793676376342773,956.2241821289062,259.3277893066406,0.18265941739082336,930.03369140625,259.1126403808594,0.9998923540115356,924.3613891601562,255.31085205078125,0.855103075504303,934.5375366210938,258.2451477050781,0.8027400970458984,938.0679931640625,261.91107177734375,0.9994922876358032,934.6881713867188,265.00140380859375,0.9994263052940369,928.256103515625,264.6291809082031,0.9914641380310059,977.7002563476562,227.19314575195312,0.3730228543281555,974.8187866210938,207.9793701171875,0.9995102882385254,977.7280883789062,213.81365966796875,0.8832263946533203,984.1456909179688,210.66477966308594,0.41383934020996094,987.9732666015625,202.8436737060547,0.9764832854270935,978.1403198242188,200.11788940429688,0.9969887733459473,968.8370971679688,203.02589416503906,0.9860029816627502
194,1012.7239379882812,237.43069458007812,0.001738905906677246,964.6543579101562,239.36712646484375,0.9555790424346924,965.10009765625,239.24856567382812,0.702398955821991,969.1157836914062,240.31748962402344,0.23517724871635437,966.4178466796875,235.0985870361328,0.9977819919586182,964.65087890625,241.52096557617188,0.9890220165252686,998.4727783203125,242.66656494140625,0.9996310472488403,968.0704956054688,237.83474731445312,0.9995970129966736,920.013916015625,232.22720336914062,0.9986914396286011,869.3634643554688,247.38751220703125,0.9999988079071045,1003.3304443359375,224.04551696777344,0.7475409507751465,986.6487426757812,212.83758544921875,0.9944719076156616,988.2949829101562,205.5662078857422,0.8438921570777893,995.8143920898438,208.5660858154297,0.8885799646377563,996.1910400390625,214.1984100341797,0.9556534886360168,990.3861694335938,219.64175415039062,0.887108325958252,983.1327514648438,219.6510467529297,0.6218286752700806,962.2734375,255.59347534179688,0.1288764774799347,943.6094360351562,256.3114013671875,0.14266404509544373,1007.7449951171875,271.0365905761719,0.06897714734077454,1008.7959594726562,271.74493408203125,0.0011174678802490234,979.1646118164062,208.61148071289062,0.0004978179931640625,955.4017944335938,259.80926513671875,0.0017393827438354492,953.35009765625,257.08740234375,0.0022370517253875732,958.794189453125,259.9373474121094,0.8984705209732056,934.9296875,257.1461181640625,0.999954879283905,929.7992553710938,255.4700469970703,0.7396392226219177,938.7428588867188,257.2451171875,0.5923013687133789,939.5156860351562,262.0997619628906,0.9978402256965637,937.1585083007812,263.3793029785156,0.9985039234161377,930.8846435546875,262.0210876464844,0.9962387084960938,981.39990234375,222.91220092773438,0.9818086624145508,975.5014038085938,206.9720458984375,0.9998835921287537,978.9144287109375,217.21145629882812,0.8386187553405762,981.4154052734375,210.7960662841797,0.6650424003601074,983.53515625,203.4984893798828,0.9268240928649902,977.7411499023438,199.5247039794922,0.9987568855285645,969.0986938476562,202.59283447265625,0.9959052801132202
195,1011.7325439453125,236.3428192138672,0.0005348920822143555,967.9049682617188,242.07485961914062,0.4439767003059387,968.383544921875,238.80712890625,0.11235871911048889,971.6332397460938,241.9626922607422,0.11328485608100891,968.3154296875,235.57997131347656,0.9992514252662659,967.2805786132812,242.94345092773438,0.996119499206543,1000.8389282226562,242.981689453125,0.9988573789596558,969.5589599609375,240.18283081054688,0.9996944665908813,922.7186279296875,231.00958251953125,0.9999019503593445,873.1676635742188,243.64105224609375,0.9999991059303284,983.518310546875,218.30181884765625,0.08116790652275085,986.3067016601562,212.53514099121094,0.9532738924026489,989.0440063476562,207.17037963867188,0.4485127031803131,990.7899169921875,206.47007751464844,0.6801940202713013,994.9774780273438,213.8520965576172,0.6959214210510254,989.864990234375,220.13685607910156,0.45482343435287476,983.801513671875,220.31065368652344,0.3967782258987427,964.221435546875,253.5090789794922,0.7023459672927856,952.8997192382812,256.2156677246094,0.14039355516433716,1007.6839599609375,271.0265197753906,0.0417313277721405,1007.4667358398438,278.7666015625,0.0005212724208831787,978.9955444335938,208.05711364746094,0.0005039870738983154,954.7352905273438,260.45233154296875,0.0030548274517059326,955.498291015625,256.3938903808594,0.010665267705917358,961.8148193359375,260.6273498535156,0.9954500198364258,942.2903442382812,258.3719482421875,0.9999465942382812,940.2467651367188,255.49415588378906,0.6148626804351807,946.1802368164062,257.65411376953125,0.18692931532859802,944.5508422851562,264.2541809082031,0.9948736429214478,941.84765625,265.4469909667969,0.9988225102424622,935.8803100585938,263.1260986328125,0.9997317790985107,983.2620849609375,221.69789123535156,0.9956753253936768,976.8469848632812,207.33981323242188,0.9999496936798096,980.5284423828125,217.16993713378906,0.840813398361206,982.273681640625,211.56922912597656,0.8204350471496582,988.54931640625,202.90631103515625,0.9808728098869324,977.451904296875,199.39898681640625,0.9995568990707397,968.6991577148438,202.43785095214844,0.9959803819656372
196,1013.7052612304688,236.5895538330078,0.0003198087215423584,974.794677734375,242.13174438476562,0.7747354507446289,973.5515747070312,242.414794921875,0.05273488163948059,978.2753295898438,241.67800903320312,0.4365594983100891,971.3352661132812,236.80047607421875,0.9987014532089233,970.3515014648438,245.350830078125,0.9827254414558411,1003.5293579101562,242.65431213378906,0.9826155304908752,972.7801513671875,240.0957489013672,0.99936842918396,922.720947265625,231.3815155029297,0.9999788999557495,874.109375,241.82650756835938,0.9999997615814209,984.4905395507812,219.0093231201172,0.12297961115837097,987.0758666992188,212.0131072998047,0.9561542272567749,988.9783325195312,206.89039611816406,0.4785267114639282,990.83544921875,206.1376953125,0.6577573418617249,995.2213134765625,213.43234252929688,0.5336291790008545,991.2365112304688,219.7965087890625,0.19777315855026245,983.3395385742188,219.3845977783203,0.3460387587547302,966.9612426757812,253.238525390625,0.4370032548904419,957.0192260742188,261.5109558105469,0.18290990591049194,957.5054321289062,262.67254638671875,0.045321762561798096,1005.6476440429688,279.4627990722656,0.0003102421760559082,979.1062622070312,207.47804260253906,0.0003497600555419922,966.3892822265625,268.6097412109375,0.007783025503158569,959.6137084960938,256.9664001464844,0.03435426950454712,966.3689575195312,261.9165954589844,0.9860432147979736,950.2114868164062,260.573486328125,0.9992156028747559,948.982177734375,257.77716064453125,0.565569281578064,956.3697509765625,261.5174255371094,0.06733593344688416,955.3428955078125,266.73846435546875,0.8739001750946045,950.0179443359375,267.65155029296875,0.893736720085144,942.0187377929688,262.7532043457031,0.9116126298904419,986.7931518554688,221.52426147460938,0.9872197508811951,976.9508056640625,207.31179809570312,0.9999778866767883,981.7438354492188,217.5203399658203,0.8168644905090332,982.8070068359375,210.9217529296875,0.6091066002845764,988.3973999023438,202.258056640625,0.979187548160553,977.2406005859375,199.2322998046875,0.9994932413101196,968.8812255859375,202.19296264648438,0.9938969612121582
197,881.4733276367188,239.0504150390625,0.00016963481903076172,977.0357055664062,243.2232666015625,0.9587199687957764,975.82568359375,243.4783935546875,0.537150502204895,979.535400390625,242.03330993652344,0.9136052131652832,974.4189453125,239.5441436767578,0.9908875823020935,975.1854248046875,244.732177734375,0.9962447881698608,1007.1697387695312,241.60772705078125,0.6681790947914124,976.8594970703125,240.9784698486328,0.999653697013855,925.7726440429688,231.89271545410156,0.9999818801879883,876.5316162109375,240.3345184326172,0.9999998807907104,984.9161987304688,219.27430725097656,0.3352494239807129,986.907470703125,211.51583862304688,0.9782993793487549,984.1031494140625,206.5106964111328,0.5492391586303711,990.0154418945312,205.12173461914062,0.530234158039093,994.8089599609375,213.38504028320312,0.2882688641548157,992.1445922851562,219.66477966308594,0.09508547186851501,983.5977172851562,218.5885009765625,0.32778501510620117,973.9135131835938,260.1895751953125,0.8801443576812744,967.215087890625,264.22930908203125,0.9461402893066406,969.3927612304688,267.3606872558594,0.29747408628463745,969.95458984375,269.8534240722656,0.0004939138889312744,973.5909423828125,265.5821533203125,0.0018423199653625488,976.48486328125,270.24908447265625,0.14072299003601074,972.0067749023438,267.2227478027344,0.05404326319694519,976.9956665039062,262.1717834472656,0.912056028842926,959.7101440429688,263.8951721191406,0.9961020946502686,961.4334716796875,261.2158203125,0.49686893820762634,967.6176147460938,264.0525207519531,0.00478750467300415,959.4682006835938,269.2249450683594,0.06907790899276733,956.6857299804688,272.2178039550781,0.33871519565582275,947.5784912109375,264.31561279296875,0.45327478647232056,987.9160766601562,220.30987548828125,0.9915362596511841,976.753173828125,206.55145263671875,0.9999814033508301,981.8284301757812,217.83633422851562,0.8955563306808472,986.5142822265625,209.92596435546875,0.5408230423927307,988.5607299804688,201.38339233398438,0.9663463830947876,976.8514404296875,198.73484802246094,0.9982097148895264,968.1682739257812,201.9808807373047,0.9659667611122131
198,919.6867065429688,235.40643310546875,0.00026702880859375,981.6780395507812,243.9366455078125,0.8022725582122803,979.2440795898438,242.679931640625,0.13525390625,982.4230346679688,243.35238647460938,0.8732346892356873,978.0855712890625,237.32852172851562,0.9990347623825073,978.5731201171875,244.63800048828125,0.9993780255317688,1009.1444091796875,240.19668579101562,0.6580969095230103,980.3811645507812,240.1685028076172,0.999935507774353,927.9686279296875,233.88377380371094,0.9999837875366211,877.684326171875,239.75401306152344,0.9999998807907104,1006.4034423828125,225.37271118164062,0.18467190861701965,987.3643798828125,212.02481079101562,0.9586513042449951,984.4151000976562,206.49183654785156,0.47213417291641235,990.167724609375,204.96932983398438,0.3879847824573517,992.0565185546875,208.51284790039062,0.06116318702697754,991.9799194335938,220.0609893798828,0.043022602796554565,991.4520263671875,220.94992065429688,0.12661442160606384,976.6881103515625,260.4301452636719,0.9327830076217651,980.1394653320312,266.5505065917969,0.9995477199554443,979.3267822265625,270.080322265625,0.9214916229248047,983.4615478515625,270.8612365722656,0.1848573386669159,987.4293212890625,267.51995849609375,0.48052263259887695,986.9646606445312,267.3954162597656,0.7262321710586548,983.2880859375,263.8979797363281,0.7362174987792969,983.1102294921875,261.83538818359375,0.7776427268981934,969.6958618164062,268.0997619628906,0.9964476823806763,973.583984375,263.27081298828125,0.8589382171630859,983.099853515625,265.3251037597656,0.00717473030090332,976.9186401367188,273.0262145996094,0.5891465544700623,973.342529296875,277.6195068359375,0.9623124599456787,962.6033935546875,274.2552490234375,0.9839022159576416,987.705322265625,219.1023406982422,0.9932963848114014,977.0882568359375,207.80029296875,0.9999944567680359,981.42041015625,216.78164672851562,0.9470590353012085,986.1561279296875,209.89833068847656,0.627516508102417,987.6970825195312,202.2559356689453,0.9711390733718872,977.4547729492188,199.6329345703125,0.9997909069061279,969.3499755859375,202.70187377929688,0.996915340423584
199,919.3389892578125,236.77310180664062,0.000438690185546875,986.54345703125,244.26513671875,0.7121474742889404,981.4335327148438,242.70709228515625,0.06713548302650452,987.3969116210938,243.10780334472656,0.46726447343826294,981.6171264648438,235.75149536132812,0.998853862285614,983.1422729492188,245.6259765625,0.9990582466125488,1011.546875,239.91563415527344,0.9349412322044373,983.7877807617188,240.9963836669922,0.9998258352279663,929.8546142578125,236.5216827392578,0.9999997615814209,880.7470092773438,239.58285522460938,0.9999998807907104,993.7835083007812,221.4924774169922,0.19121739268302917,991.175048828125,214.5259246826172,0.9526263475418091,988.6295166015625,206.40428161621094,0.2427043616771698,991.8491821289062,205.70196533203125,0.0729491114616394,994.9758911132812,214.30596923828125,0.011339247226715088,992.3888549804688,219.65138244628906,0.020876169204711914,992.280517578125,220.79823303222656,0.09704205393791199,989.44140625,263.2957763671875,0.7489851713180542,992.5550537109375,267.48553466796875,0.9708342552185059,989.1083374023438,272.9309387207031,0.8030005693435669,998.00146484375,273.3743591308594,0.07005110383033752,998.56787109375,268.755126953125,0.24887096881866455,999.3152465820312,269.2460632324219,0.30638405680656433,1002.2955322265625,266.1707763671875,0.04639992117881775,996.2105712890625,259.74493408203125,0.9804888963699341,981.8756713867188,269.57208251953125,0.9971482753753662,990.3983154296875,265.2359313964844,0.4865363836288452,997.9577026367188,267.0691833496094,0.04744237661361694,993.0894165039062,272.57135009765625,0.7550851106643677,988.06982421875,279.0764465332031,0.9690581560134888,976.583984375,274.504638671875,0.9993525743484497,988.294921875,215.8704833984375,0.9919562935829163,977.70703125,208.1256103515625,0.9999979734420776,980.2442626953125,216.59078979492188,0.8927961587905884,986.3377075195312,210.3902587890625,0.7084511518478394,986.8381958007812,202.89590454101562,0.983767569065094,977.6808471679688,200.4446258544922,0.999884307384491,969.3941040039062,203.9761505126953,0.9997763633728027
200,919.5780029296875,236.65179443359375,0.0003165602684020996,986.9810180664062,243.89364624023438,0.6343086957931519,982.4194946289062,241.60452270507812,0.05776366591453552,988.733154296875,243.62789916992188,0.1451033651828766,983.3367919921875,235.30120849609375,0.9989505410194397,990.9876098632812,249.80274963378906,0.9990742206573486,1012.888671875,238.48892211914062,0.5394271612167358,987.0598754882812,241.3336944580078,0.9997605085372925,932.687255859375,238.03260803222656,0.9999999403953552,882.2781372070312,238.84152221679688,1.0,994.472900390625,221.91212463378906,0.03536519408226013,991.9319458007812,214.86349487304688,0.8724374771118164,989.0066528320312,206.3678436279297,0.11841419339179993,992.171142578125,205.26609802246094,0.04775616526603699,987.3126831054688,276.5874328613281,0.01542004942893982,993.3443603515625,219.52767944335938,0.010308265686035156,993.9832153320312,221.19595336914062,0.09474349021911621,993.0118408203125,263.6689758300781,0.24825623631477356,1008.2415771484375,267.117431640625,0.6474654674530029,999.6696166992188,270.8555908203125,0.6514154076576233,1010.1002197265625,272.8108825683594,0.03219717741012573,1010.785400390625,270.6123046875,0.016391843557357788,1009.687255859375,271.8382263183594,0.054778218269348145,1008.8452758789062,267.6133117675781,0.13778629899024963,1001.85791015625,258.5122375488281,0.995265007019043,997.2277221679688,270.370361328125,0.9996399879455566,1000.4625244140625,263.0467834472656,0.8674072623252869,1005.9256591796875,269.0345153808594,0.6858879923820496,1005.07958984375,275.5131530761719,0.9925598502159119,1002.25048828125,280.4516906738281,0.9985710382461548,988.3106689453125,275.62213134765625,0.9996441602706909,989.6738891601562,216.52346801757812,0.9959312677383423,977.7588500976562,208.81004333496094,0.9999984502792358,983.5735473632812,215.1685028076172,0.8904210925102234,987.07373046875,210.62567138671875,0.7600902318954468,987.7139892578125,203.41732788085938,0.9922464489936829,978.4368896484375,200.43984985351562,0.9999459981918335,969.3536987304688,203.45033264160156,0.9998446702957153
201,934.8975219726562,238.6865234375,0.0001068413257598877,988.041259765625,243.79327392578125,0.5320246815681458,983.4334716796875,241.09671020507812,0.042059093713760376,993.9155883789062,243.28750610351562,0.12082281708717346,983.7550048828125,235.92356872558594,0.9972531795501709,992.855224609375,251.1533660888672,0.9994057416915894,1012.4418334960938,237.77627563476562,0.22465553879737854,989.0477294921875,243.34619140625,0.9990155100822449,935.929443359375,238.52877807617188,0.9999998807907104,886.56591796875,238.18338012695312,0.9999999403953552,1007.4258422851562,227.9483184814453,0.0902135968208313,991.4821166992188,215.15304565429688,0.8917365074157715,989.6818237304688,206.36227416992188,0.23045924305915833,993.2350463867188,204.7587432861328,0.13586989045143127,994.9066162109375,213.8867950439453,0.01709306240081787,992.389892578125,218.5323028564453,0.021000385284423828,993.1907958984375,220.66763305664062,0.19956400990486145,1000.96923828125,264.4532775878906,0.2532663345336914,1009.989013671875,266.5731201171875,0.9544366598129272,1006.769287109375,270.9253234863281,0.9585015773773193,1011.3529052734375,272.0975036621094,0.12224888801574707,1013.7999267578125,266.5953063964844,0.03741469979286194,1012.6456909179688,266.8659973144531,0.04160502552986145,1010.2047119140625,266.87896728515625,0.3324015140533447,1002.3507690429688,259.09197998046875,0.9934647083282471,1000.5411987304688,272.06390380859375,0.9978876113891602,1006.2593994140625,264.0799255371094,0.29911553859710693,1007.984130859375,268.01116943359375,0.35429805517196655,1007.2693481445312,274.6551513671875,0.9653439521789551,1006.19287109375,277.390380859375,0.9986463785171509,994.6646118164062,275.3613586425781,0.999896764755249,990.050537109375,217.251708984375,0.9942436218261719,976.7022094726562,208.9743194580078,0.9999982118606567,983.7297973632812,215.0041961669922,0.927747368812561,987.048828125,210.4928436279297,0.8481439352035522,987.9149169921875,202.75221252441406,0.9971243143081665,978.7195434570312,199.1472930908203,0.9999828338623047,968.3040771484375,203.47439575195312,0.9998753070831299
202,1004.0565795898438,271.5875244140625,0.00021469593048095703,987.3598022460938,244.98663330078125,0.7886835336685181,985.25537109375,241.9198760986328,0.10460126399993896,994.0887451171875,242.37815856933594,0.3660835027694702,981.2770385742188,237.04290771484375,0.9673232436180115,990.101806640625,251.84373474121094,0.9640278220176697,1011.3323364257812,240.023681640625,0.13980332016944885,984.3685302734375,244.5360870361328,0.9919868111610413,935.8278198242188,237.7033233642578,0.9999997615814209,887.6588134765625,237.61154174804688,1.0,1000.1326904296875,226.9514617919922,0.5353702306747437,992.009765625,215.64776611328125,0.9131519794464111,990.5786743164062,207.0760040283203,0.2714751660823822,997.376220703125,206.4369354248047,0.15452530980110168,996.1959228515625,214.7869415283203,0.03602945804595947,992.29541015625,218.88641357421875,0.0625523030757904,992.71728515625,221.50588989257812,0.5037600994110107,1008.2767333984375,265.39764404296875,0.419378399848938,1010.0833740234375,272.47149658203125,0.8776863813400269,1008.3701171875,272.98309326171875,0.9861846566200256,1012.9361572265625,273.9587097167969,0.025562793016433716,1014.514404296875,273.39056396484375,0.04383617639541626,1013.4956665039062,273.9600830078125,0.27438631653785706,1012.0601196289062,271.5492248535156,0.9272546768188477,1004.8698120117188,259.95489501953125,0.04787316918373108,1005.4158935546875,274.2674865722656,0.3040393590927124,1010.5343627929688,271.7278747558594,0.15371635556221008,1009.2523803710938,273.36505126953125,0.010478407144546509,1007.0211181640625,277.1585998535156,0.027803897857666016,1006.432373046875,280.1050109863281,0.598257303237915,1002.2410278320312,280.36431884765625,0.8617589473724365,991.3932495117188,221.25234985351562,0.9948266744613647,977.346923828125,209.4604949951172,0.9999995827674866,982.4359130859375,216.67477416992188,0.9814931750297546,987.6566162109375,211.10162353515625,0.9536552429199219,988.8060913085938,202.8415985107422,0.9989388585090637,979.4356689453125,199.5326385498047,0.9999768733978271,968.8138427734375,204.13967895507812,0.9997978210449219
203,934.3611450195312,239.2174072265625,0.0001328587532043457,986.1452026367188,245.615966796875,0.9398306608200073,985.3374633789062,242.3809356689453,0.34612807631492615,989.5626220703125,247.4026641845703,0.4101428687572479,984.6275024414062,238.1342010498047,0.9893592596054077,986.1070556640625,251.9613800048828,0.9923385977745056,1012.2256469726562,239.1307830810547,0.032947391271591187,985.5947265625,245.677978515625,0.9964476823806763,936.140380859375,238.19415283203125,0.9999999403953552,892.5938110351562,237.60130310058594,0.9999998807907104,1000.0948486328125,226.93931579589844,0.2613455355167389,991.4476318359375,215.7478485107422,0.8108428716659546,989.927734375,207.98455810546875,0.0762326717376709,992.5429077148438,205.3332061767578,0.10739195346832275,996.1038818359375,214.7331085205078,0.016079097986221313,992.041259765625,218.70948791503906,0.05540972948074341,992.6685791015625,221.69163513183594,0.38792532682418823,1009.3499755859375,264.8936767578125,0.04873308539390564,977.07275390625,217.28846740722656,0.0054528117179870605,1011.542236328125,265.91546630859375,0.07317289710044861,977.1781005859375,202.43997192382812,0.00023570656776428223,978.8784790039062,208.0560302734375,0.00010117888450622559,1014.287841796875,264.3453674316406,0.00010165572166442871,1014.7588500976562,269.44256591796875,0.005501449108123779,1004.9689331054688,256.5116271972656,0.04578098654747009,983.2262573242188,217.19935607910156,0.0020026862621307373,1013.1148071289062,260.67626953125,0.007781326770782471,977.562255859375,208.83029174804688,0.00022009015083312988,987.6491088867188,203.11907958984375,0.001954108476638794,938.7234497070312,264.0156555175781,0.0020582973957061768,942.5048828125,256.69378662109375,0.017532408237457275,992.0673828125,220.58840942382812,0.9961156845092773,977.2791748046875,209.73797607421875,0.9999991655349731,982.5798950195312,216.7747802734375,0.985857367515564,987.7252807617188,210.89878845214844,0.9581773281097412,988.1956176757812,202.71946716308594,0.9988058805465698,979.1862182617188,199.40635681152344,0.9999728798866272,968.3931274414062,205.73280334472656,0.9998084306716919
204,934.1631469726562,240.940185546875,0.0004195868968963623,988.4761962890625,245.04217529296875,0.25947585701942444,986.4298706054688,241.1270751953125,0.02243557572364807,995.3310546875,242.57374572753906,0.2727934718132019,988.4133911132812,238.651611328125,0.9380193948745728,995.4451904296875,251.65264892578125,0.9971454739570618,1011.56689453125,237.34825134277344,0.0430561900138855,993.745361328125,245.22764587402344,0.9940294623374939,939.0166625976562,241.8826904296875,0.9999998807907104,891.90576171875,237.6022186279297,0.9999996423721313,1001.6276245117188,227.27439880371094,0.08851638436317444,991.9669189453125,215.82052612304688,0.7524991035461426,990.0540771484375,208.2050323486328,0.10916006565093994,993.1683349609375,205.6165771484375,0.0771062970161438,1001.3190307617188,214.26937866210938,0.01022791862487793,993.4765014648438,223.61045837402344,0.011484116315841675,993.0343627929688,222.09617614746094,0.1324387788772583,1008.5223999023438,263.39324951171875,0.04269540309906006,1011.9799194335938,264.307861328125,0.003361910581588745,1011.1155395507812,264.7818908691406,0.18028414249420166,976.722412109375,203.14146423339844,0.0001067817211151123,973.9151611328125,206.75799560546875,0.00010004639625549316,1011.8826904296875,269.8178405761719,0.00012728571891784668,1014.4559936523438,268.641357421875,0.0052468180656433105,1007.1702270507812,257.857177734375,0.5809825658798218,1007.8180541992188,263.84893798828125,0.005877554416656494,1012.377685546875,260.0755310058594,0.10200226306915283,1013.531494140625,259.8445739746094,0.0012553930282592773,987.4071655273438,203.30838012695312,0.0008573234081268311,1009.781494140625,266.2649230957031,0.0036898553371429443,1004.3706665039062,267.21063232421875,0.2526872158050537,992.4536743164062,219.94253540039062,0.9963719248771667,977.1700439453125,209.97576904296875,0.9999990463256836,984.1609497070312,215.29629516601562,0.9764103889465332,987.9888305664062,211.2814178466797,0.9562901258468628,987.6636352539062,203.2452392578125,0.998735785484314,978.8013916015625,200.09902954101562,0.999976396560669,967.5142822265625,205.65672302246094,0.999820351600647
205,934.32421875,241.08514404296875,5.6356191635131836e-05,995.1448364257812,242.3515167236328,0.18460938334465027,991.1602172851562,241.83731079101562,0.00664094090461731,996.6329956054688,242.87940979003906,0.34811362624168396,993.9699096679688,237.58706665039062,0.8973137736320496,997.3556518554688,250.70889282226562,0.9982250928878784,1011.3798217773438,237.70407104492188,0.016163170337677002,995.4207763671875,244.782958984375,0.9976100921630859,939.6250610351562,242.27703857421875,0.9999997615814209,891.7071533203125,237.0532989501953,0.9999998807907104,1002.0507202148438,227.7250213623047,0.06882104277610779,991.705322265625,215.9031219482422,0.6562215089797974,989.7348022460938,208.77957153320312,0.03783330321311951,992.4682006835938,205.60098266601562,0.04113641381263733,1001.2357788085938,213.67955017089844,0.006195783615112305,993.2653198242188,222.96505737304688,0.008751928806304932,993.122314453125,222.2391815185547,0.09517845511436462,1008.25732421875,263.2598571777344,0.05426308512687683,1011.829345703125,264.2533874511719,0.003580540418624878,1011.23486328125,264.8272705078125,0.1679016351699829,975.8037719726562,202.70498657226562,0.00018173456192016602,973.1836547851562,206.41590881347656,0.00010442733764648438,1014.1015014648438,262.8072814941406,0.00018650293350219727,1014.3583984375,268.5116882324219,0.007607132196426392,1008.210205078125,257.06561279296875,0.7929061055183411,1008.081787109375,264.16387939453125,0.020838558673858643,1012.6541137695312,260.314208984375,0.18236178159713745,1014.1614379882812,259.8650207519531,0.002976655960083008,986.7984619140625,203.0160675048828,0.001083463430404663,1009.9440307617188,269.733154296875,0.005421280860900879,1004.2423095703125,267.4906005859375,0.4328845143318176,992.88671875,219.78329467773438,0.9950665831565857,977.5219116210938,209.9056396484375,0.9999988079071045,983.9669799804688,214.95835876464844,0.982086181640625,986.4459838867188,210.6799774169922,0.9524527192115784,987.148681640625,203.07339477539062,0.9984630346298218,978.3861694335938,200.32931518554688,0.99996417760849,966.9757080078125,205.8907012939453,0.9998053908348083
206,934.236328125,241.2297821044922,7.942318916320801e-05,992.1393432617188,241.76499938964844,0.2399975061416626,990.7887573242188,242.15635681152344,0.011834412813186646,996.390869140625,242.828125,0.419893741607666,993.8569946289062,237.97637939453125,0.9516336917877197,996.9271240234375,251.27488708496094,0.9988846778869629,1011.544921875,237.74649047851562,0.014772117137908936,995.1781616210938,244.99627685546875,0.9985213875770569,940.18212890625,242.52537536621094,0.9999998807907104,894.3218994140625,238.09140014648438,0.9999996423721313,1002.0703125,227.84054565429688,0.0839720070362091,991.5350952148438,215.90382385253906,0.632968008518219,989.7552490234375,208.70040893554688,0.03167778253555298,992.3258666992188,205.40321350097656,0.038526684045791626,1001.4367065429688,213.94070434570312,0.007422357797622681,993.1947631835938,223.1405029296875,0.00944429636001587,993.36865234375,222.14793395996094,0.08715125918388367,1008.4652709960938,263.3385009765625,0.05489203333854675,1012.0112915039062,264.202392578125,0.003357499837875366,1011.2649536132812,264.728515625,0.16189005970954895,975.9644165039062,202.76708984375,0.00024896860122680664,973.219970703125,206.46923828125,0.00012496113777160645,1014.311279296875,262.75482177734375,0.0001398622989654541,1014.66357421875,268.32904052734375,0.005724132061004639,1007.6824951171875,257.3304443359375,0.8089834451675415,1007.7720947265625,264.03619384765625,0.017865121364593506,1012.4130249023438,260.34814453125,0.15808457136154175,1013.8867797851562,259.7816162109375,0.002990812063217163,986.81298828125,202.72116088867188,0.0014508068561553955,1009.6981811523438,269.4543762207031,0.005655646324157715,1003.99365234375,267.3139343261719,0.479055255651474,993.05029296875,219.73971557617188,0.9964267611503601,977.690185546875,209.86830139160156,0.9999986886978149,984.3776245117188,214.5908966064453,0.9857960343360901,986.5272216796875,210.29598999023438,0.9559624195098877,987.0413818359375,202.873779296875,0.9981882572174072,978.3292846679688,200.35044860839844,0.9999524354934692,966.939697265625,206.33494567871094,0.999721884727478
207,934.1873779296875,241.4305419921875,0.00013896822929382324,990.6535034179688,244.80337524414062,0.30237942934036255,990.4786376953125,242.40090942382812,0.01583746075630188,996.1968994140625,243.01641845703125,0.4728468656539917,993.5662231445312,238.2752685546875,0.9465887546539307,996.3770141601562,251.82081604003906,0.9990949034690857,1011.7928466796875,237.7913360595703,0.015557348728179932,994.9921264648438,245.2476348876953,0.9985083341598511,939.9832763671875,242.4388885498047,0.9999998807907104,893.32373046875,237.62464904785156,0.9999997019767761,1002.083984375,227.9701385498047,0.099496990442276,990.8301391601562,215.5269317626953,0.6533377766609192,984.5056762695312,209.4858856201172,0.038465261459350586,991.933837890625,204.75747680664062,0.052224576473236084,993.1668701171875,208.02474975585938,0.007095068693161011,991.4156494140625,217.78224182128906,0.011893421411514282,992.946044921875,221.47361755371094,0.11527645587921143,1008.5572509765625,263.4363098144531,0.07428866624832153,1012.2904663085938,264.0678405761719,0.004384160041809082,1011.5661010742188,264.8934020996094,0.16203555464744568,975.4198608398438,201.75808715820312,0.00030356645584106445,972.8740234375,206.2032928466797,0.00014841556549072266,1014.6157836914062,262.4576416015625,0.00012379884719848633,1013.3685302734375,261.6409912109375,0.0047855377197265625,1007.2525024414062,257.8119812011719,0.8455748558044434,1007.7045288085938,263.9214782714844,0.020851433277130127,1012.1868286132812,260.0615539550781,0.16715598106384277,1013.93701171875,259.6874694824219,0.0031886696815490723,986.3408813476562,201.9737548828125,0.0016677677631378174,1009.6809692382812,269.313720703125,0.008396148681640625,1004.2863159179688,267.0557861328125,0.5508766174316406,992.757568359375,219.49151611328125,0.9951934814453125,977.2998657226562,209.63552856445312,0.9999980926513672,984.3150024414062,214.37380981445312,0.9894958138465881,986.1887817382812,209.85577392578125,0.9564932584762573,985.6011962890625,204.5637664794922,0.9984853863716125,978.2996826171875,199.7678680419922,0.9999602437019348,966.7991943359375,205.77999877929688,0.9997573494911194
208,934.4010620117188,241.26010131835938,0.0003615915775299072,991.9932250976562,241.8720245361328,0.44803476333618164,990.3818359375,242.5372772216797,0.029211074113845825,996.0011596679688,242.83909606933594,0.6177696585655212,993.5264892578125,238.27906799316406,0.9375889301300049,996.0577392578125,251.75596618652344,0.9992542266845703,1011.707763671875,237.46246337890625,0.014609575271606445,994.7073974609375,245.1690216064453,0.9985941648483276,940.2966918945312,242.4518280029297,0.9999999403953552,893.4031372070312,237.53033447265625,0.9999986290931702,1001.779541015625,227.67645263671875,0.14699822664260864,990.6279907226562,215.2275390625,0.7737067937850952,989.04248046875,207.92103576660156,0.06453973054885864,991.7254638671875,204.6256103515625,0.08796948194503784,993.1687622070312,207.67593383789062,0.013070553541183472,992.7852783203125,221.96649169921875,0.014394640922546387,992.8244018554688,221.26011657714844,0.11969488859176636,1008.5178833007812,263.2295227050781,0.08547049760818481,1012.1583251953125,263.6637878417969,0.005663663148880005,1011.4678344726562,264.355712890625,0.2385747730731964,975.4406127929688,202.0602569580078,0.00028511881828308105,973.0978393554688,206.17218017578125,0.00013116002082824707,1014.4905395507812,261.79852294921875,0.00011041760444641113,1013.83642578125,256.37518310546875,0.004746973514556885,1007.0088500976562,257.7423400878906,0.8196303844451904,1007.5908813476562,263.3943786621094,0.029095113277435303,1011.7567749023438,259.7333068847656,0.18567514419555664,1013.6596069335938,259.0494689941406,0.004523754119873047,1013.5575561523438,262.53900146484375,0.0017275512218475342,1009.6312255859375,268.8275451660156,0.013872146606445312,1004.4244995117188,266.58917236328125,0.6440074443817139,992.5400390625,219.53152465820312,0.995008111000061,977.4288330078125,209.384521484375,0.9999978542327881,984.338623046875,214.04290771484375,0.9878933429718018,985.8187866210938,209.49058532714844,0.9555336236953735,985.2459716796875,204.54576110839844,0.9981080293655396,978.2550048828125,199.88296508789062,0.9999570846557617,966.9905395507812,205.70037841796875,0.9997010231018066
209,934.3734130859375,241.31448364257812,0.0006448924541473389,992.5834350585938,241.5563201904297,0.5949060320854187,991.0562744140625,242.51992797851562,0.04537901282310486,996.8424072265625,242.57212829589844,0.725674033164978,993.99462890625,238.2886505126953,0.9603581428527832,996.6570434570312,251.48463439941406,0.9994311928749084,1011.3624267578125,237.7016143798828,0.00894436240196228,995.0504150390625,245.12477111816406,0.9990314245223999,940.5413818359375,242.08631896972656,0.9999998807907104,893.315185546875,237.56809997558594,0.9999988079071045,1001.62158203125,227.88758850097656,0.14480990171432495,991.25,215.3198699951172,0.6986510753631592,989.4978637695312,208.3262176513672,0.04756593704223633,992.171630859375,204.99435424804688,0.05285152792930603,1001.6126708984375,213.68096923828125,0.009638160467147827,993.3264770507812,222.36367797851562,0.011044055223464966,993.2063598632812,221.75689697265625,0.09916263818740845,1008.9285888671875,263.3758239746094,0.11382806301116943,1012.4218139648438,264.1307678222656,0.004088610410690308,1011.468017578125,264.7725830078125,0.14266344904899597,975.6331176757812,202.5369873046875,0.00026726722717285156,973.4417114257812,206.3175811767578,0.00010877847671508789,1014.867431640625,262.3211669921875,8.845329284667969e-05,1014.2478637695312,256.4808349609375,0.0030918121337890625,1006.9654541015625,257.9351806640625,0.7481112480163574,1007.7742309570312,263.63250732421875,0.011616259813308716,1012.1074829101562,259.9320068359375,0.09371769428253174,1013.6525268554688,259.25433349609375,0.002390146255493164,986.7452392578125,202.17919921875,0.0012353360652923584,1009.3917236328125,268.9642333984375,0.0041481852531433105,1004.493896484375,266.57366943359375,0.35173773765563965,992.7213134765625,219.74887084960938,0.996067225933075,977.7855224609375,209.4414520263672,0.9999986886978149,984.5054321289062,214.02455139160156,0.988153338432312,986.2584228515625,209.7281036376953,0.9674966931343079,985.6714477539062,204.72494506835938,0.9982980489730835,978.3325805664062,200.04867553710938,0.9999658465385437,967.1422119140625,206.06198120117188,0.9997279644012451
210,934.0756225585938,241.2947235107422,0.0004787445068359375,992.2333374023438,241.85098266601562,0.37238553166389465,990.5764770507812,242.54522705078125,0.027153104543685913,996.8860473632812,242.90756225585938,0.5087136030197144,993.514404296875,238.48440551757812,0.9589332342147827,996.6217041015625,251.3970947265625,0.9994658827781677,1011.736572265625,237.69558715820312,0.007920414209365845,994.9547729492188,245.19970703125,0.9990400075912476,940.6297607421875,242.51181030273438,0.9999998807907104,893.7315063476562,237.7281951904297,0.9999990463256836,1001.6809692382812,227.95001220703125,0.07477396726608276,991.4347534179688,215.52784729003906,0.6616291999816895,989.7070922851562,208.2501983642578,0.05284404754638672,992.4071044921875,205.04542541503906,0.05054822564125061,1001.2922973632812,213.76841735839844,0.005736112594604492,993.200927734375,222.46621704101562,0.007164031267166138,993.039306640625,222.0358428955078,0.10459175705909729,1008.5909423828125,263.4439697265625,0.09373694658279419,1012.265380859375,264.06817626953125,0.004215151071548462,1011.2951049804688,264.70660400390625,0.12587562203407288,976.0982666015625,202.3929901123047,0.0002466738224029541,973.3177490234375,206.43533325195312,0.000144273042678833,1014.7915649414062,262.2973327636719,8.511543273925781e-05,1013.9160766601562,256.6256408691406,0.0035792887210845947,1007.08935546875,257.864990234375,0.8646660447120667,1007.7257080078125,263.6930236816406,0.027018219232559204,1011.8053588867188,259.72607421875,0.11214405298233032,1013.8201904296875,259.2108154296875,0.0033259689807891846,986.8233642578125,202.3462677001953,0.0014695525169372559,1009.7073974609375,268.8665466308594,0.008299022912979126,1004.4338989257812,266.8055114746094,0.5462827086448669,992.7197265625,220.00283813476562,0.9954893589019775,977.5576171875,209.74264526367188,0.9999987483024597,984.52783203125,214.4226531982422,0.9849894642829895,986.5831909179688,210.06173706054688,0.954778790473938,985.9893188476562,204.79995727539062,0.998033881187439,978.5870361328125,200.09751892089844,0.9999719858169556,967.1810913085938,206.07635498046875,0.9997818470001221
211,934.3093872070312,241.56874084472656,0.00020426511764526367,992.6370849609375,241.36355590820312,0.35656678676605225,991.0396728515625,242.08306884765625,0.018318861722946167,997.2880859375,242.87356567382812,0.43950003385543823,993.7886962890625,237.953857421875,0.9638282656669617,997.1983642578125,250.8774871826172,0.9995312690734863,1011.8088989257812,237.4068145751953,0.007338494062423706,995.4065551757812,244.8015594482422,0.9993669390678406,941.4420166015625,243.41629028320312,0.9999998807907104,892.9237670898438,236.78964233398438,0.9999993443489075,1001.8106689453125,228.0138397216797,0.05880078673362732,991.4927978515625,215.70623779296875,0.6332756280899048,989.9273071289062,208.168212890625,0.06633254885673523,992.7252807617188,205.0498504638672,0.056266605854034424,1001.3834228515625,213.77696228027344,0.006026923656463623,993.225341796875,222.49745178222656,0.007116496562957764,993.1173095703125,222.2098846435547,0.08014890551567078,1008.6765747070312,263.1193542480469,0.04246506094932556,1012.2605590820312,263.8409423828125,0.0018457472324371338,1011.2283325195312,264.3675842285156,0.07476747035980225,976.2133178710938,202.3484649658203,0.00025975704193115234,973.1388549804688,206.5678253173828,0.00013342499732971191,1013.0812377929688,258.3792724609375,5.4329633712768555e-05,1014.0288696289062,256.3432922363281,0.0029649734497070312,1007.30126953125,257.3114929199219,0.8981068134307861,1007.7967529296875,263.7182312011719,0.03511038422584534,1011.9561157226562,259.61175537109375,0.1329617202281952,1013.9192504882812,259.1817321777344,0.0037941038608551025,1014.0807495117188,262.5948181152344,0.001372605562210083,1009.8931274414062,268.91229248046875,0.007846832275390625,1004.2069091796875,266.7138366699219,0.6035059690475464,992.672119140625,219.6544647216797,0.9947706460952759,977.4342041015625,210.0162353515625,0.9999988079071045,984.439697265625,214.36891174316406,0.9846410751342773,986.6818237304688,210.08656311035156,0.9513642191886902,987.5420532226562,202.61502075195312,0.9981874227523804,978.7970581054688,200.01632690429688,0.9999767541885376,967.0220336914062,206.2633056640625,0.9998102188110352
212,934.27001953125,241.3749542236328,0.0003599822521209717,990.3433837890625,244.631591796875,0.2195231318473816,989.7570190429688,242.3880157470703,0.017836838960647583,996.4877319335938,243.08636474609375,0.26830118894577026,992.8801879882812,238.62890625,0.9683050513267517,996.2286987304688,251.64788818359375,0.9995932579040527,1012.1392822265625,237.6167755126953,0.010354042053222656,994.7318115234375,245.4429473876953,0.9993232488632202,941.3052368164062,243.66864013671875,0.9999998807907104,892.0618896484375,236.25828552246094,0.9999994039535522,1002.1774291992188,227.81639099121094,0.05301713943481445,991.6490478515625,215.5731964111328,0.5534797310829163,989.8602905273438,208.18087768554688,0.05161923170089722,992.6098022460938,204.984130859375,0.04802533984184265,1001.462890625,213.64532470703125,0.004898875951766968,993.5599365234375,222.39364624023438,0.007362991571426392,993.8771362304688,221.8929901123047,0.0665283203125,1007.9630737304688,263.2553405761719,0.029627948999404907,976.88037109375,214.71234130859375,0.002420783042907715,1010.8512573242188,264.3905944824219,0.07408729195594788,976.5567016601562,202.13467407226562,0.000357896089553833,973.367431640625,206.18045043945312,0.00017198920249938965,1012.3818359375,258.23760986328125,5.2422285079956055e-05,1013.4623413085938,256.4899597167969,0.0021377503871917725,1007.0899047851562,257.61199951171875,0.9553766250610352,1007.260498046875,263.71002197265625,0.062024593353271484,1011.1932983398438,259.5046691894531,0.18941527605056763,1013.4882202148438,259.32696533203125,0.005144894123077393,1013.9048461914062,262.4617004394531,0.0018495917320251465,1009.814208984375,268.6827087402344,0.017677366733551025,1003.7363891601562,266.99151611328125,0.7608301043510437,992.8250732421875,219.90292358398438,0.9956968426704407,977.5239868164062,210.06533813476562,0.9999988079071045,984.5117797851562,214.25250244140625,0.987152099609375,986.7770385742188,209.7771453857422,0.9523467421531677,987.5154418945312,202.49057006835938,0.9980506896972656,978.6874389648438,199.7691650390625,0.9999770522117615,967.1890869140625,206.15306091308594,0.9998354911804199
213,934.0552978515625,241.31158447265625,0.0003000795841217041,990.5770874023438,244.61387634277344,0.33775758743286133,990.00830078125,242.7923583984375,0.025698721408843994,996.2705688476562,242.7338104248047,0.4611530601978302,993.06201171875,238.8144073486328,0.958325207233429,996.1995239257812,251.67652893066406,0.9994560480117798,1011.95263671875,237.66529846191406,0.012135982513427734,994.7352905273438,245.49220275878906,0.9989591836929321,940.1934204101562,243.33042907714844,0.9999998211860657,891.9934692382812,236.3841094970703,0.999999463558197,1001.8399658203125,227.8701934814453,0.09610578417778015,991.1358032226562,215.6186065673828,0.5637725591659546,989.3912963867188,208.4224395751953,0.04081752896308899,991.9434204101562,205.1674346923828,0.06000882387161255,993.3162841796875,208.3704833984375,0.007999598979949951,993.2872924804688,222.30506896972656,0.012183964252471924,993.5201416015625,221.71255493164062,0.085076242685318,1008.0335083007812,263.3418884277344,0.04267284274101257,1011.8875732421875,263.82672119140625,0.003198981285095215,1010.8873901367188,264.5528564453125,0.11213970184326172,976.385009765625,202.32839965820312,0.00042566657066345215,973.0519409179688,206.2621307373047,0.00018137693405151367,1012.4514770507812,258.2698059082031,7.200241088867188e-05,1013.51513671875,256.61566162109375,0.0026549696922302246,1006.9022827148438,257.7270202636719,0.9263340830802917,1007.2413330078125,263.6661682128906,0.04240679740905762,1011.2724609375,259.767822265625,0.18022972345352173,1013.5233154296875,259.4253845214844,0.004881143569946289,986.6921997070312,202.20997619628906,0.0017781853675842285,1009.685546875,268.7790222167969,0.013945221900939941,1003.8156127929688,266.9596252441406,0.6845727562904358,992.6344604492188,220.06141662597656,0.995701789855957,977.2772216796875,210.09011840820312,0.9999985098838806,984.1578979492188,214.43687438964844,0.988681435585022,987.8727416992188,210.2119140625,0.9601345658302307,985.8845825195312,204.7412872314453,0.9985150694847107,978.43505859375,199.7508544921875,0.9999746680259705,966.8096313476562,206.22250366210938,0.9997784495353699
214,933.8955078125,241.1881103515625,0.0002218484878540039,990.5274047851562,244.551025390625,0.35671234130859375,990.0062866210938,242.84535217285156,0.028995662927627563,996.42138671875,242.67178344726562,0.4601084887981415,993.0626220703125,238.85101318359375,0.9335591793060303,996.29833984375,251.6595916748047,0.999289870262146,1011.7759399414062,237.65016174316406,0.012546181678771973,994.592529296875,245.4828338623047,0.9983449578285217,939.8912353515625,243.40545654296875,0.9999998807907104,891.8438720703125,236.42063903808594,0.999999463558197,1001.4937133789062,227.83335876464844,0.11119034886360168,991.380615234375,215.70806884765625,0.6863840818405151,989.40576171875,208.42507934570312,0.07638916373252869,992.2304077148438,205.474853515625,0.07936105132102966,1000.8325805664062,214.14012145996094,0.00902336835861206,993.5162963867188,222.5853271484375,0.01544564962387085,993.5084228515625,222.0306396484375,0.11914986371994019,1007.9058837890625,263.2039489746094,0.04950881004333496,1011.7410888671875,263.7652282714844,0.0052065253257751465,1010.7543334960938,264.5270080566406,0.1551174521446228,976.2879028320312,202.72256469726562,0.0002637505531311035,973.808837890625,208.17486572265625,0.00013116002082824707,1012.4868774414062,258.2315368652344,0.00011846423149108887,1013.3917846679688,256.6103210449219,0.004071474075317383,1006.69580078125,257.7190246582031,0.9228028655052185,1007.0460815429688,263.68701171875,0.050831615924835205,1010.9970092773438,259.8426818847656,0.18504416942596436,1013.2951049804688,259.489501953125,0.006491303443908691,1013.5907592773438,262.49432373046875,0.0024269819259643555,1009.4389038085938,268.6127014160156,0.02027714252471924,1003.6546630859375,266.9142150878906,0.7331213355064392,992.3859252929688,220.18161010742188,0.994940996170044,976.986328125,210.08602905273438,0.9999982118606567,983.9993286132812,214.66917419433594,0.9843095541000366,986.24462890625,210.20831298828125,0.9450966119766235,985.8414916992188,204.80010986328125,0.9978166818618774,978.2930297851562,199.6575164794922,0.9999667406082153,966.7503051757812,205.7979736328125,0.9998009204864502
215,933.9066772460938,241.28134155273438,0.0003555715084075928,992.7335205078125,244.34652709960938,0.3805311918258667,990.322509765625,242.87754821777344,0.03610694408416748,996.6094970703125,242.78500366210938,0.5224366784095764,993.4640502929688,238.8909454345703,0.9529919624328613,996.5463256835938,251.60572814941406,0.9995031356811523,1011.7236328125,237.68080139160156,0.01127055287361145,994.8107299804688,245.48391723632812,0.9989534616470337,940.5956420898438,243.43215942382812,0.9999998807907104,892.0750122070312,236.3112335205078,0.9999995231628418,1001.550537109375,227.88943481445312,0.10310420393943787,991.3770751953125,215.67381286621094,0.7053947448730469,989.4963989257812,208.24539184570312,0.08593526482582092,992.330078125,205.34326171875,0.07781797647476196,1000.7794189453125,214.09593200683594,0.008708178997039795,993.3889770507812,222.56947326660156,0.014255881309509277,993.5718383789062,222.01004028320312,0.1272103488445282,1007.9707641601562,263.2402038574219,0.06326645612716675,1011.7623901367188,263.887939453125,0.005402922630310059,1010.84033203125,264.6477355957031,0.16241994500160217,976.3446044921875,202.69825744628906,0.0002582073211669922,973.7996215820312,208.01673889160156,0.00014030933380126953,1012.6452026367188,258.3280334472656,0.00013896822929382324,1013.4533081054688,256.7167053222656,0.004615187644958496,1006.736083984375,257.69805908203125,0.925141453742981,1007.00390625,263.71832275390625,0.054348647594451904,1010.9285278320312,259.8524475097656,0.16738346219062805,1013.3604125976562,259.4376525878906,0.007641851902008057,1013.5881958007812,262.5074462890625,0.0032345354557037354,1009.4328002929688,268.656982421875,0.02166399359703064,1003.4979248046875,266.8680114746094,0.7103495001792908,992.482666015625,220.0679473876953,0.9952999353408813,977.0376586914062,209.9322967529297,0.9999982118606567,984.0755004882812,214.5230712890625,0.9863068461418152,986.419677734375,210.1354217529297,0.9554497003555298,987.3782348632812,202.55673217773438,0.9981414675712585,978.3550415039062,199.60150146484375,0.9999704957008362,966.806396484375,205.6382293701172,0.9998109936714172
216,933.91357421875,241.4077911376953,0.00017330050468444824,992.297119140625,241.79129028320312,0.3869211971759796,990.6527709960938,242.65878295898438,0.029282093048095703,996.640625,242.58621215820312,0.6033884882926941,993.6284790039062,238.5961456298828,0.9313549995422363,996.67431640625,251.31072998046875,0.9993782639503479,1011.5169677734375,237.61526489257812,0.01123654842376709,994.8462524414062,245.20986938476562,0.9985888004302979,940.4343872070312,243.2809600830078,0.9999998807907104,891.1917724609375,236.08529663085938,0.9999997615814209,1001.5875244140625,227.93324279785156,0.12188470363616943,991.3093872070312,215.5299835205078,0.7146280407905579,989.4481811523438,208.08433532714844,0.09186416864395142,992.2750244140625,205.0731964111328,0.09382036328315735,993.3566284179688,208.51393127441406,0.010140210390090942,993.2047119140625,222.43727111816406,0.014834553003311157,993.3743896484375,221.8763885498047,0.12681972980499268,1008.1337890625,263.3086242675781,0.07071942090988159,1011.7965087890625,263.908203125,0.005682080984115601,1010.6941528320312,264.5805969238281,0.1922336220741272,976.15966796875,202.38238525390625,0.00025260448455810547,973.4415893554688,207.96217346191406,0.00015598535537719727,1012.6244506835938,258.24005126953125,0.00014290213584899902,1013.4886474609375,256.5223083496094,0.005039900541305542,1006.6719360351562,257.6910095214844,0.9019538164138794,1007.1970825195312,263.6026916503906,0.04372763633728027,1011.0662841796875,259.8893127441406,0.1534087061882019,1013.3792114257812,259.3022155761719,0.006245255470275879,1013.6083984375,262.4105529785156,0.0026652514934539795,1009.3510131835938,268.753662109375,0.015627026557922363,1003.6392211914062,266.70404052734375,0.6348022818565369,992.5028076171875,219.9654998779297,0.9943256974220276,976.8871459960938,209.80409240722656,0.9999978542327881,983.91455078125,214.47364807128906,0.9866248965263367,986.34423828125,210.0607147216797,0.957724928855896,985.87060546875,204.53427124023438,0.9983445405960083,978.4109497070312,199.4206085205078,0.9999740123748779,966.6400146484375,205.23052978515625,0.9998186826705933
217,934.588134765625,242.62754821777344,0.0001901686191558838,992.3265991210938,241.67440795898438,0.3929370045661926,990.7365112304688,242.52394104003906,0.026295870542526245,996.728759765625,242.53857421875,0.5898609161376953,993.7158203125,238.47372436523438,0.9275081753730774,996.781005859375,251.19674682617188,0.9992585778236389,1011.4596557617188,237.5387725830078,0.012075066566467285,994.920166015625,245.08938598632812,0.9985018372535706,940.5740356445312,243.23074340820312,0.9999998807907104,891.5849609375,236.46527099609375,0.9999996423721313,1001.5989379882812,227.90545654296875,0.11746904253959656,991.2609252929688,215.58021545410156,0.7173023223876953,989.451904296875,208.06289672851562,0.09902006387710571,992.2891235351562,205.06666564941406,0.09824010729789734,993.4031372070312,208.55665588378906,0.01011708378791809,993.2440185546875,222.5519256591797,0.013705313205718994,993.3095092773438,221.91163635253906,0.12870904803276062,1008.2059936523438,263.22064208984375,0.06187865138053894,1011.7762451171875,263.80023193359375,0.00490984320640564,1010.65234375,264.3951416015625,0.17885276675224304,976.1556396484375,202.379150390625,0.00022971630096435547,973.5435791015625,207.79159545898438,0.00014862418174743652,1012.6453857421875,258.1521301269531,0.0001309514045715332,1013.5161743164062,256.3768005371094,0.004814505577087402,1006.6846923828125,257.5855712890625,0.8917880058288574,1007.2390747070312,263.47271728515625,0.041207194328308105,1011.1268310546875,259.7397766113281,0.13892307877540588,1013.3834228515625,259.1456298828125,0.005508720874786377,1013.5423583984375,262.30291748046875,0.0025043487548828125,1009.2642822265625,268.6680603027344,0.013607025146484375,1003.6174926757812,266.5541076660156,0.6083126068115234,992.5018310546875,220.04441833496094,0.9943898916244507,976.865234375,209.7493438720703,0.9999977350234985,983.8411865234375,214.4813232421875,0.9852850437164307,986.2935791015625,210.0395050048828,0.9555482268333435,985.852294921875,204.51773071289062,0.9982938170433044,978.442626953125,199.4203643798828,0.9999760389328003,966.650634765625,205.1280975341797,0.9998205900192261
218,934.4998168945312,242.6664581298828,0.0001614987850189209,992.056396484375,241.9306640625,0.2990201711654663,990.4613037109375,242.64263916015625,0.023915737867355347,996.6370239257812,242.6400604248047,0.5044743418693542,993.3948974609375,238.5812530517578,0.9206780791282654,996.4041137695312,251.19676208496094,0.999253511428833,1011.5343017578125,237.58123779296875,0.01095232367515564,994.65380859375,245.15380859375,0.9983862638473511,940.0868530273438,243.1893768310547,0.9999997615814209,891.26611328125,236.33511352539062,0.9999997019767761,1001.712158203125,227.81573486328125,0.10208094120025635,991.5813598632812,215.61846923828125,0.7261897325515747,989.6507568359375,208.1305694580078,0.11261039972305298,992.4939575195312,205.152587890625,0.10352718830108643,993.4920654296875,208.67379760742188,0.009030073881149292,993.4281005859375,222.4477081298828,0.012859344482421875,993.2598266601562,222.09530639648438,0.13178521394729614,1008.045654296875,263.2867736816406,0.06495928764343262,1011.7213134765625,263.8166809082031,0.005926281213760376,1010.5613403320312,264.44464111328125,0.18187284469604492,976.2498168945312,202.35958862304688,0.0002219080924987793,973.501220703125,207.99168395996094,0.0001456141471862793,1012.6114501953125,258.1944885253906,0.00014463067054748535,1013.4541015625,256.4786682128906,0.005407929420471191,1006.5113525390625,257.5343017578125,0.9027371406555176,1007.1416625976562,263.41070556640625,0.048024266958236694,1010.9796142578125,259.66632080078125,0.14343515038490295,1013.202880859375,259.0800476074219,0.006069451570510864,1013.4317016601562,262.1783752441406,0.0029528439044952393,1009.181884765625,268.61273193359375,0.014872759580612183,1003.549072265625,266.58843994140625,0.6121125221252441,992.5025634765625,220.1214141845703,0.9933947324752808,976.9913330078125,209.7592010498047,0.9999976754188538,983.9996948242188,214.6796112060547,0.9865049719810486,986.4835205078125,210.20706176757812,0.960370659828186,987.5572509765625,202.5045928955078,0.9985613822937012,978.5520629882812,199.513427734375,0.9999744892120361,966.7291870117188,205.08865356445312,0.99982750415802
219,934.6404418945312,242.86688232421875,0.00013178586959838867,992.0338745117188,241.79019165039062,0.2955579161643982,990.392822265625,242.38204956054688,0.018169701099395752,996.7841186523438,242.73678588867188,0.444018691778183,993.1635131835938,238.280029296875,0.9303901195526123,996.4913940429688,250.86265563964844,0.9994059801101685,1011.7123413085938,237.54063415527344,0.01055365800857544,994.6366577148438,244.92799377441406,0.9990135431289673,940.767822265625,243.72897338867188,0.9999998211860657,890.9212646484375,236.26443481445312,0.9999998211860657,1001.7382202148438,227.80299377441406,0.0686812698841095,991.6998291015625,215.51126098632812,0.6227828860282898,989.626953125,208.1662139892578,0.08268672227859497,992.2988891601562,205.07736206054688,0.09297490119934082,993.395751953125,208.6293182373047,0.008510231971740723,993.517822265625,222.0373992919922,0.009273678064346313,993.4829711914062,221.74578857421875,0.10093078017234802,1007.8938598632812,263.1429138183594,0.054895222187042236,1011.6666870117188,263.6287841796875,0.006130218505859375,1010.5015869140625,264.19219970703125,0.17112702131271362,976.4296264648438,202.15798950195312,0.0002792775630950928,973.4971923828125,207.8376922607422,0.00014701485633850098,1012.606201171875,258.2785339355469,0.00015482306480407715,1013.3040771484375,256.51416015625,0.006308913230895996,1006.5737915039062,257.2556457519531,0.9541823863983154,1007.0040893554688,263.4669189453125,0.1076526939868927,1010.885009765625,259.51116943359375,0.2177950143814087,1013.2335205078125,259.03955078125,0.009962916374206543,1013.3477783203125,262.2715148925781,0.005383193492889404,1009.2545776367188,268.50970458984375,0.028971433639526367,1003.2092895507812,266.55743408203125,0.7868955135345459,992.52685546875,219.99635314941406,0.9944580793380737,976.9134521484375,209.9080810546875,0.9999979734420776,983.82080078125,214.64707946777344,0.9884865283966064,986.5201416015625,210.14512634277344,0.9550243616104126,987.63525390625,202.4509735107422,0.9984346628189087,978.6998291015625,199.3959503173828,0.9999769926071167,966.8109130859375,204.9243621826172,0.9998264908790588
220,934.6278686523438,242.8990478515625,0.00012680888175964355,990.62060546875,244.23602294921875,0.2530244290828705,990.1328125,242.58399963378906,0.020113766193389893,996.755126953125,242.9161376953125,0.3757822513580322,992.9808959960938,238.5409393310547,0.9456791281700134,996.3497924804688,251.17108154296875,0.9995736479759216,1011.8064575195312,237.69532775878906,0.009585440158843994,994.4594116210938,245.28170776367188,0.9991672039031982,940.8175048828125,243.8012237548828,0.9999998807907104,891.3252563476562,236.2555694580078,0.9999998211860657,1001.770751953125,227.79644775390625,0.06782323122024536,991.9002075195312,215.5978240966797,0.66767418384552,989.8247680664062,208.136474609375,0.10556605458259583,992.4727783203125,205.16751098632812,0.11007645726203918,993.4878540039062,208.8077850341797,0.008847236633300781,993.6725463867188,222.1482391357422,0.010148853063583374,993.5401000976562,221.9259796142578,0.10940477252006531,1007.616455078125,263.2269592285156,0.05685698986053467,1011.550537109375,263.6377868652344,0.00709158182144165,1010.3887329101562,264.26123046875,0.17483609914779663,976.702392578125,202.22601318359375,0.00029283761978149414,973.6183471679688,207.89585876464844,0.00015503168106079102,1012.4558715820312,258.38104248046875,0.0001779496669769287,1013.1832275390625,256.7181091308594,0.00692296028137207,1006.52099609375,257.33160400390625,0.9624119997024536,1006.7901000976562,263.6554870605469,0.12435227632522583,1010.69384765625,259.6590270996094,0.2516406178474426,1013.0657348632812,259.2343444824219,0.012232780456542969,1013.1657104492188,262.45452880859375,0.0062792301177978516,1009.1719970703125,268.556884765625,0.03734436631202698,1002.954345703125,266.7521667480469,0.8198981285095215,992.6080322265625,220.13763427734375,0.994023323059082,976.9666748046875,209.9501190185547,0.9999980926513672,983.9459228515625,214.78912353515625,0.9872767925262451,986.6533203125,210.263427734375,0.9547913074493408,987.81689453125,202.5621795654297,0.9986375570297241,978.8750610351562,199.44139099121094,0.9999785423278809,966.7154541015625,205.19476318359375,0.9998224377632141
221,934.6275024414062,242.8397979736328,0.00012791156768798828,991.8938598632812,242.00694274902344,0.26885899901390076,990.3207397460938,242.54837036132812,0.02181050181388855,996.8546752929688,242.97378540039062,0.4151392877101898,993.1412353515625,238.4934539794922,0.949714183807373,996.5416870117188,251.12911987304688,0.9995901584625244,1011.7593994140625,237.7423553466797,0.009018689393997192,994.5675659179688,245.2247772216797,0.9992374181747437,940.9066162109375,243.7144012451172,0.9999998807907104,891.47119140625,236.25856018066406,0.9999998807907104,1001.8646850585938,227.8697052001953,0.07068908214569092,991.8881225585938,215.69886779785156,0.6454251408576965,989.7990112304688,208.2461395263672,0.08277270197868347,992.4298095703125,205.2012481689453,0.09130427241325378,993.510498046875,208.79489135742188,0.0075404345989227295,993.647216796875,222.17945861816406,0.009422600269317627,993.5164184570312,222.0386962890625,0.10159829258918762,1007.8402709960938,263.20147705078125,0.05841064453125,1011.594970703125,263.7093200683594,0.005828768014907837,1010.4531860351562,264.23065185546875,0.15712320804595947,976.49462890625,202.2054443359375,0.0002888143062591553,973.540771484375,207.74656677246094,0.00015598535537719727,1012.566162109375,258.3736267089844,0.00015777349472045898,1013.33056640625,256.6413269042969,0.006140589714050293,1006.7240600585938,257.34033203125,0.9568518996238708,1007.0806884765625,263.69586181640625,0.10314938426017761,1010.971923828125,259.69049072265625,0.23770207166671753,1013.3052368164062,259.2526550292969,0.010342180728912354,1013.3854370117188,262.512451171875,0.004814952611923218,1009.3353881835938,268.66650390625,0.03007689118385315,1003.1044311523438,266.71112060546875,0.7852683663368225,992.6422729492188,220.12098693847656,0.9944785833358765,976.9674072265625,209.9355010986328,0.9999982118606567,983.8640747070312,214.80477905273438,0.9879105687141418,986.6092529296875,210.298828125,0.9579747915267944,987.697509765625,202.58126831054688,0.9986871480941772,978.7420043945312,199.468505859375,0.9999775886535645,966.80029296875,204.9937286376953,0.9998244047164917
222,933.7040405273438,241.52940368652344,0.00015309453010559082,992.685302734375,244.1364288330078,0.29850518703460693,990.3726806640625,242.70736694335938,0.02323254942893982,996.7962646484375,242.9041290283203,0.4606805443763733,993.1296997070312,238.53665161132812,0.9497116208076477,996.396240234375,251.1434326171875,0.999602198600769,1011.775146484375,237.7478485107422,0.009475141763687134,994.5248413085938,245.2608184814453,0.999233603477478,940.5921630859375,243.72125244140625,0.9999998807907104,891.5592651367188,236.3195037841797,0.9999998807907104,1001.7827758789062,227.8309783935547,0.07912746071815491,991.8023071289062,215.64901733398438,0.6649238467216492,989.7080078125,208.30328369140625,0.07909661531448364,992.3296508789062,205.2239990234375,0.0901632308959961,993.4866333007812,208.65634155273438,0.0083274245262146,993.6114501953125,221.99205017089844,0.01027834415435791,993.461181640625,221.9337158203125,0.10491180419921875,1007.9105224609375,263.27313232421875,0.06949979066848755,1011.6904296875,263.82208251953125,0.006893962621688843,1010.5313720703125,264.385986328125,0.17643874883651733,976.4244995117188,202.24249267578125,0.0003109574317932129,973.5358276367188,207.71363830566406,0.00016990303993225098,1012.6046142578125,258.4852600097656,0.0001741349697113037,1013.4163818359375,256.8407287597656,0.006805926561355591,1006.6119995117188,257.3862609863281,0.9563619494438171,1007.0466918945312,263.7586975097656,0.10943812131881714,1010.966552734375,259.7912902832031,0.2547747790813446,1013.2980346679688,259.29876708984375,0.012181311845779419,1013.4627685546875,262.6086730957031,0.0056736767292022705,1009.3858032226562,268.7251281738281,0.03120860457420349,1003.1743774414062,266.8191833496094,0.7780556082725525,992.562744140625,220.118896484375,0.9941973090171814,976.9861450195312,209.82374572753906,0.9999982118606567,983.8878173828125,214.6824493408203,0.9885221123695374,986.5691528320312,210.2359161376953,0.9637492299079895,987.5709838867188,202.53729248046875,0.9987298250198364,978.611083984375,199.49696350097656,0.9999778866767883,966.7874145507812,205.0347442626953,0.9998260736465454
223,934.4104614257812,242.93704223632812,0.00013062357902526855,991.8789672851562,242.00137329101562,0.2829435467720032,990.2657470703125,242.6735076904297,0.021662116050720215,996.8421020507812,242.87860107421875,0.45841291546821594,992.999755859375,238.51507568359375,0.9484385251998901,996.2925415039062,251.14434814453125,0.9995699524879456,1011.7503662109375,237.6531982421875,0.010868161916732788,994.429931640625,245.21279907226562,0.999171257019043,940.8367309570312,243.89239501953125,0.9999999403953552,892.0435180664062,236.23550415039062,0.9999999403953552,1001.8716430664062,227.76490783691406,0.08515086770057678,991.8421630859375,215.695068359375,0.6414713263511658,989.6907958984375,208.46742248535156,0.06817570328712463,992.3225708007812,205.34408569335938,0.08289051055908203,993.6373901367188,208.73074340820312,0.007473260164260864,993.6721801757812,221.92828369140625,0.010349094867706299,993.5355834960938,221.94314575195312,0.10208144783973694,1007.8152465820312,263.27093505859375,0.061237335205078125,1011.6273803710938,263.7695617675781,0.007103592157363892,1010.4697875976562,264.3486022949219,0.18550243973731995,976.3192749023438,202.39627075195312,0.0003070831298828125,973.6063842773438,207.5540771484375,0.00016114115715026855,1012.570556640625,258.49908447265625,0.00019875168800354004,1013.2941284179688,256.8552551269531,0.007636696100234985,1006.5022583007812,257.39556884765625,0.9596917033195496,1006.8807983398438,263.7209777832031,0.12080025672912598,1010.8229370117188,259.8116149902344,0.27012723684310913,1013.1829223632812,259.3401184082031,0.013578683137893677,1013.3187866210938,262.6253967285156,0.006611675024032593,1009.3365478515625,268.7567138671875,0.036148130893707275,1003.0079345703125,266.8854675292969,0.8032321929931641,992.5006103515625,220.13687133789062,0.994689404964447,976.9751586914062,209.86134338378906,0.9999983310699463,983.7875366210938,214.64166259765625,0.9888584017753601,986.5672607421875,210.31642150878906,0.9680954813957214,986.0968017578125,204.68222045898438,0.9990085363388062,978.5515747070312,199.572265625,0.999982476234436,966.5630493164062,205.18824768066406,0.9998413324356079
224,934.4143676757812,242.9202423095703,0.00013446807861328125,991.9760131835938,241.91943359375,0.2924599051475525,990.3108520507812,242.53884887695312,0.020109474658966064,996.9273681640625,242.87574768066406,0.4618290662765503,993.0665283203125,238.39048767089844,0.9514507055282593,996.3344116210938,251.08135986328125,0.9995842576026917,1011.7335815429688,237.58335876464844,0.011931449174880981,994.4899291992188,245.10191345214844,0.9992343783378601,940.90869140625,243.8487091064453,0.9999999403953552,892.5277099609375,236.38975524902344,0.9999998807907104,1001.9973754882812,227.7003631591797,0.08453366160392761,991.994384765625,215.72567749023438,0.6495290994644165,989.5801391601562,208.55245971679688,0.0645618736743927,992.3179931640625,205.39279174804688,0.07298889756202698,1001.0789794921875,213.87376403808594,0.009305000305175781,993.8401489257812,221.85995483398438,0.010856062173843384,993.7590942382812,222.0130615234375,0.0979292094707489,1007.7867431640625,263.2106018066406,0.06020557880401611,1011.5972900390625,263.7278747558594,0.007534652948379517,1010.4467163085938,264.31512451171875,0.1938565969467163,976.1983032226562,202.5642547607422,0.0002847611904144287,973.7012329101562,207.7930450439453,0.00015920400619506836,1012.5671997070312,258.5113220214844,0.0002008676528930664,1013.2767944335938,256.8392333984375,0.007546901702880859,1006.5613403320312,257.3487854003906,0.9630069732666016,1006.9002075195312,263.7370910644531,0.1308477520942688,1010.8025512695312,259.834228515625,0.27445507049560547,1013.226806640625,259.3570556640625,0.01455649733543396,1013.3704833984375,262.6452941894531,0.007357239723205566,1009.3671875,268.80853271484375,0.03882211446762085,1002.9732666015625,266.9183349609375,0.8136706948280334,992.5703735351562,219.9930419921875,0.9952818155288696,977.1441040039062,209.93931579589844,0.9999986886978149,983.902099609375,214.56544494628906,0.9899176359176636,986.6286010742188,210.42254638671875,0.9711806774139404,987.5078125,202.82821655273438,0.9990420341491699,978.4953002929688,199.74778747558594,0.9999822974205017,966.751708984375,205.34605407714844,0.9998478889465332
225,934.4740600585938,242.9341278076172,0.00013068318367004395,991.869873046875,241.98292541503906,0.24557960033416748,990.1166381835938,242.45518493652344,0.02027997374534607,996.8435668945312,243.05323791503906,0.38593345880508423,993.0308837890625,238.5092010498047,0.960123598575592,996.3443603515625,251.27853393554688,0.9996209144592285,1011.8656005859375,237.53363037109375,0.010647416114807129,994.5091552734375,245.25013732910156,0.9992914199829102,941.1658935546875,243.9030303955078,0.9999998807907104,892.6255493164062,236.4242401123047,0.9999998211860657,1002.0225219726562,227.7814483642578,0.07151049375534058,991.9380493164062,215.8147735595703,0.6350054740905762,989.6183471679688,208.31832885742188,0.08027949929237366,992.296630859375,205.21835327148438,0.08327585458755493,993.6181030273438,208.68771362304688,0.006808251142501831,993.7562255859375,222.11183166503906,0.007528096437454224,993.6767578125,222.19984436035156,0.09192913770675659,1007.6991577148438,263.365478515625,0.058097630739212036,1011.6226196289062,263.78643798828125,0.007472366094589233,1010.5220336914062,264.415771484375,0.17143115401268005,976.2496337890625,202.21578979492188,0.0002446472644805908,973.5807495117188,207.9324188232422,0.00017216801643371582,1012.5091552734375,258.54449462890625,0.00016266107559204102,1013.2366333007812,256.9022521972656,0.006756693124771118,1006.5904541015625,257.510009765625,0.9661237001419067,1006.9069213867188,263.8204345703125,0.11758947372436523,1010.8610229492188,259.8240661621094,0.2425539791584015,1013.2188720703125,259.47186279296875,0.011305004358291626,1013.2994995117188,262.728515625,0.005584597587585449,1009.3084716796875,268.8552551269531,0.03166776895523071,1002.9579467773438,267.0289001464844,0.7828536033630371,992.7176513671875,220.0557098388672,0.9952288866043091,977.0213623046875,210.00279235839844,0.9999984502792358,983.96923828125,214.7020263671875,0.987563967704773,986.6067504882812,210.38633728027344,0.9613983631134033,987.58154296875,202.71798706054688,0.9987708330154419,978.5845947265625,199.62765502929688,0.999976396560669,966.7640991210938,205.30271911621094,0.9998406171798706
226,934.4476928710938,243.00404357910156,0.00012388825416564941,991.8700561523438,242.008056640625,0.2517277002334595,990.1362915039062,242.48977661132812,0.021103978157043457,996.8265380859375,243.03688049316406,0.39953121542930603,993.0248413085938,238.53811645507812,0.9603023529052734,996.3428955078125,251.28887939453125,0.9996278285980225,1011.849853515625,237.54608154296875,0.010772347450256348,994.4906005859375,245.27015686035156,0.9992837905883789,941.2622680664062,243.93795776367188,0.9999998807907104,892.83349609375,236.59706115722656,0.9999998807907104,1002.0352172851562,227.773193359375,0.07462185621261597,991.8798217773438,215.8199920654297,0.6592186093330383,989.5480346679688,208.35061645507812,0.08422854542732239,992.2693481445312,205.2301025390625,0.0895797610282898,993.623291015625,208.69583129882812,0.00782245397567749,993.735595703125,221.99447631835938,0.00806891918182373,993.5874633789062,222.13929748535156,0.0989980399608612,1007.699951171875,263.3702392578125,0.060813844203948975,1011.6423950195312,263.81182861328125,0.007598668336868286,1010.5192260742188,264.4579772949219,0.1727081835269928,976.1798706054688,202.31915283203125,0.0002472400665283203,973.6159057617188,207.9269256591797,0.0001652240753173828,1012.534423828125,258.559814453125,0.0001620650291442871,1013.265625,256.9151916503906,0.006757527589797974,1006.5694580078125,257.5340576171875,0.9653469324111938,1006.87451171875,263.8099365234375,0.11524772644042969,1010.8539428710938,259.8302307128906,0.23775088787078857,1013.1874389648438,259.4674987792969,0.011151105165481567,1013.3026733398438,262.7210388183594,0.0055255889892578125,1009.3096923828125,268.84442138671875,0.030864447355270386,1002.9967041015625,267.0373840332031,0.7775611281394958,992.7202758789062,220.06378173828125,0.9950146675109863,976.9636840820312,210.01202392578125,0.9999983310699463,983.8690185546875,214.72264099121094,0.9875638484954834,986.49609375,210.4505615234375,0.9600725173950195,987.494873046875,202.7473602294922,0.9986310005187988,978.5142211914062,199.74533081054688,0.9999747276306152,966.7424926757812,205.25567626953125,0.999841034412384
227,933.7645263671875,241.7516326904297,0.00010022521018981934,991.8223266601562,242.02882385253906,0.2528403401374817,990.0941162109375,242.61619567871094,0.022797465324401855,996.7010498046875,242.88302612304688,0.41863930225372314,992.8878784179688,238.57933044433594,0.9497723579406738,996.0923461914062,251.240966796875,0.9995660185813904,1011.753662109375,237.50392150878906,0.011731088161468506,994.3531494140625,245.29246520996094,0.9990510940551758,940.5284423828125,243.830810546875,0.9999998807907104,892.831298828125,236.60890197753906,0.9999998807907104,1001.9229736328125,227.6719970703125,0.08790439367294312,991.8214111328125,215.72891235351562,0.7030127048492432,989.5446166992188,208.3116912841797,0.0924617350101471,992.3096923828125,205.18020629882812,0.09865880012512207,993.6223754882812,208.588623046875,0.008749812841415405,993.6838989257812,221.87014770507812,0.01020824909210205,993.4990234375,222.00680541992188,0.1133107841014862,1007.5443115234375,263.3271484375,0.06628292798995972,1011.58056640625,263.7451171875,0.009021729230880737,1010.372802734375,264.4413757324219,0.19616934657096863,976.2240600585938,202.30039978027344,0.00023788213729858398,973.5684204101562,207.89199829101562,0.00015467405319213867,1012.5135498046875,258.4893798828125,0.00019609928131103516,1013.20263671875,256.88909912109375,0.00776025652885437,1006.3707885742188,257.525146484375,0.9616421461105347,1006.67822265625,263.6827087402344,0.11144548654556274,1010.6234741210938,259.78204345703125,0.23833397030830383,1012.9783325195312,259.350830078125,0.011592298746109009,1013.1381225585938,262.59698486328125,0.006119519472122192,1009.1149291992188,268.7900390625,0.030353158712387085,1002.9216918945312,266.91339111328125,0.7554727792739868,992.604248046875,220.13214111328125,0.994063138961792,976.9393920898438,209.92758178710938,0.9999980926513672,983.9138793945312,214.6927490234375,0.9874483346939087,986.47265625,210.37477111816406,0.9618470668792725,987.4647216796875,202.7100830078125,0.9985804557800293,978.490478515625,199.69400024414062,0.9999736547470093,966.82958984375,205.1428680419922,0.9998348355293274
228,934.3072509765625,243.11436462402344,8.177757263183594e-05,990.5277099609375,244.1487274169922,0.2866631746292114,990.1575927734375,242.5892333984375,0.018993616104125977,996.64111328125,242.8278045654297,0.44419556856155396,992.9400634765625,238.43740844726562,0.9482837915420532,996.1055297851562,251.1522674560547,0.9995435476303101,1011.6959838867188,237.6148223876953,0.010861009359359741,994.4102783203125,245.22775268554688,0.9990952014923096,940.4961547851562,243.83865356445312,0.9999998807907104,892.937744140625,236.61468505859375,0.9999998807907104,1001.77880859375,227.62803649902344,0.08337652683258057,991.7777099609375,215.72775268554688,0.6929933428764343,989.5012817382812,208.38905334472656,0.08409783244132996,992.35986328125,205.14498901367188,0.08879435062408447,1001.0088500976562,213.7117919921875,0.010189086198806763,993.7032470703125,221.87020874023438,0.011975079774856567,993.4535522460938,222.05618286132812,0.11892133951187134,1007.74658203125,263.3425598144531,0.07269376516342163,1011.7568969726562,263.8170471191406,0.008157670497894287,1010.535888671875,264.5237121582031,0.17908671498298645,976.1506958007812,202.3651580810547,0.00022044777870178223,973.6212768554688,207.91366577148438,0.00014349818229675293,1012.693115234375,258.41607666015625,0.00016009807586669922,1013.4258422851562,256.7904052734375,0.006526559591293335,1006.4885864257812,257.59490966796875,0.9545525908470154,1006.8133544921875,263.6932373046875,0.09495258331298828,1010.8385009765625,259.802978515625,0.2205125391483307,1013.0929565429688,259.27838134765625,0.0096568763256073,1013.3529663085938,262.51220703125,0.0048036277294158936,1009.26611328125,268.8386535644531,0.023109227418899536,1003.1220092773438,266.9225158691406,0.7189544439315796,992.5997924804688,219.94186401367188,0.994667649269104,977.0289306640625,209.95217895507812,0.9999983906745911,983.992431640625,214.7214813232422,0.9879231452941895,986.5446166992188,210.3936309814453,0.9622833728790283,987.5075073242188,202.8072967529297,0.9985708594322205,978.4367065429688,199.72366333007812,0.9999750852584839,966.8767700195312,205.25709533691406,0.9998440742492676
229,934.087890625,243.32333374023438,9.822845458984375e-05,992.0756225585938,241.94174194335938,0.32781296968460083,990.5409545898438,242.7812042236328,0.02254486083984375,996.6006469726562,242.4950408935547,0.5931627154350281,993.1856689453125,238.49874877929688,0.9271316528320312,996.1273803710938,251.10084533691406,0.9992887377738953,1011.4376831054688,237.558837890625,0.011315256357192993,994.468994140625,245.14747619628906,0.998464822769165,940.1246948242188,243.62954711914062,0.9999998807907104,892.9716186523438,236.54531860351562,0.9999997019767761,1001.6046752929688,227.70245361328125,0.132938414812088,991.5540161132812,215.71961975097656,0.7574795484542847,989.3944091796875,208.37852478027344,0.1021818220615387,992.2732543945312,205.1531219482422,0.1055251955986023,1000.8856811523438,213.5975799560547,0.013971269130706787,993.570068359375,221.7236785888672,0.016551226377487183,993.1405029296875,221.9956817626953,0.1425013542175293,1007.6720581054688,263.21978759765625,0.09155306220054626,1011.7088623046875,263.80035400390625,0.010478883981704712,1010.3759765625,264.6497802734375,0.22641775012016296,976.1226196289062,202.40602111816406,0.0002276301383972168,973.60205078125,207.9370880126953,0.0001545250415802002,1012.7368774414062,258.33392333984375,0.00021570920944213867,1013.3864135742188,256.77642822265625,0.0080413818359375,1006.2897338867188,257.5317077636719,0.934887707233429,1006.659423828125,263.5023498535156,0.07467737793922424,1010.6456909179688,259.8748779296875,0.19999676942825317,1012.9688720703125,259.1817626953125,0.009009301662445068,1013.28125,262.3027648925781,0.0048452019691467285,1009.4367065429688,266.38958740234375,0.019956082105636597,1003.2304077148438,266.8500061035156,0.633303165435791,992.451416015625,220.01339721679688,0.9934207797050476,977.0140991210938,209.76885986328125,0.9999982118606567,983.9657592773438,214.68411254882812,0.9881119132041931,986.4159545898438,210.37603759765625,0.9643324017524719,985.8720703125,204.8113250732422,0.998647928237915,978.4119262695312,199.72381591796875,0.9999743700027466,966.8793334960938,205.25941467285156,0.9998499155044556
230,934.1680297851562,243.2462158203125,0.0001112520694732666,990.572021484375,244.1295623779297,0.31365489959716797,990.53564453125,242.48826599121094,0.018604665994644165,996.51708984375,242.56431579589844,0.49594488739967346,993.2308349609375,238.2889862060547,0.8879102468490601,996.3257446289062,251.08694458007812,0.9983522891998291,1011.5341796875,237.59214782714844,0.01273280382156372,994.5885620117188,244.96388244628906,0.9972320795059204,940.3519287109375,243.51377868652344,0.9999998211860657,893.1572875976562,236.4910125732422,0.9999997615814209,1001.480224609375,227.87664794921875,0.12334921956062317,991.552490234375,215.96475219726562,0.7110773921012878,989.5999145507812,208.3634033203125,0.08330026268959045,992.2114868164062,205.21514892578125,0.1136421263217926,1000.8792114257812,213.89610290527344,0.01241198182106018,993.5179443359375,222.2704315185547,0.019508153200149536,992.9058837890625,222.36122131347656,0.1599861979484558,1007.7462158203125,263.02838134765625,0.0651584267616272,1011.5751342773438,263.50848388671875,0.0075949132442474365,1010.328369140625,264.2379455566406,0.20203346014022827,976.3409423828125,202.41000366210938,0.0003241598606109619,973.4559326171875,207.95343017578125,0.00020676851272583008,1012.6021118164062,258.02777099609375,0.00017958879470825195,1013.1678466796875,256.4516906738281,0.007478803396224976,1006.3070068359375,257.27130126953125,0.9037917852401733,1006.838623046875,263.28546142578125,0.05082744359970093,1010.9408569335938,259.67425537109375,0.14779424667358398,1013.1212158203125,259.0953369140625,0.005922585725784302,1013.2755126953125,262.1979675292969,0.003352552652359009,1009.481201171875,266.1714172363281,0.019506990909576416,1003.4376220703125,266.6398010253906,0.5458190441131592,992.3961181640625,220.10098266601562,0.9930684566497803,976.8341674804688,209.91700744628906,0.9999982118606567,983.9796752929688,215.10240173339844,0.9889758825302124,986.5286865234375,210.76016235351562,0.9659007787704468,985.9305419921875,204.7863311767578,0.9988950490951538,978.4759521484375,199.54232788085938,0.9999761581420898,966.658447265625,205.1712646484375,0.9998632073402405
231,934.1044311523438,243.3472442626953,9.655952453613281e-05,992.2059936523438,241.8032684326172,0.3022873103618622,990.7962646484375,242.4465789794922,0.01970711350440979,996.6655883789062,242.62371826171875,0.5481592416763306,993.5047607421875,238.197998046875,0.8895823955535889,996.5772705078125,250.99771118164062,0.9983361959457397,1011.5103759765625,237.62937927246094,0.012966632843017578,994.7990112304688,244.8777618408203,0.9972925782203674,940.55078125,243.5341033935547,0.9999998807907104,892.9796752929688,236.5324249267578,0.9999997615814209,1001.58740234375,227.95809936523438,0.1355125904083252,991.5,215.962646484375,0.7020127773284912,989.5132446289062,208.41049194335938,0.06989184021949768,992.0676879882812,205.1629180908203,0.0950319766998291,1000.8797607421875,213.73013305664062,0.011162012815475464,993.40380859375,222.16143798828125,0.01763501763343811,992.8787841796875,222.318603515625,0.14952760934829712,1007.8941040039062,263.04266357421875,0.07291880249977112,1011.6380615234375,263.6372985839844,0.008157044649124146,1010.3966674804688,264.34320068359375,0.21498703956604004,976.2066040039062,202.2830047607422,0.0002993941307067871,973.392578125,207.82252502441406,0.0002059340476989746,1012.733642578125,258.16278076171875,0.00019019842147827148,1013.2637939453125,256.6010437011719,0.008343875408172607,1006.3995971679688,257.22613525390625,0.8961099982261658,1006.9229125976562,263.4339599609375,0.049355894327163696,1011.0757446289062,259.79541015625,0.14380067586898804,1013.2354125976562,259.2192077636719,0.0062951743602752686,1013.3402099609375,262.34332275390625,0.0035142600536346436,1009.4901733398438,266.32769775390625,0.018994629383087158,1003.448486328125,266.76141357421875,0.5303999781608582,992.3784790039062,219.9728240966797,0.9937185049057007,976.9255981445312,209.78431701660156,0.9999982714653015,983.9788818359375,214.9838409423828,0.9899206161499023,986.5452880859375,210.6096954345703,0.9668280482292175,985.8804321289062,204.7174835205078,0.9988583326339722,978.383544921875,199.5882568359375,0.9999732971191406,966.6126098632812,205.18658447265625,0.9998552799224854
232,934.0556030273438,243.29966735839844,8.64267349243164e-05,990.814208984375,244.08892822265625,0.329801470041275,990.6502685546875,242.45489501953125,0.022392064332962036,996.6102294921875,242.6172637939453,0.5335577130317688,993.4537963867188,238.25242614746094,0.8822380304336548,996.4244995117188,251.13851928710938,0.9982906579971313,1011.526123046875,237.63169860839844,0.01304316520690918,994.6792602539062,244.98741149902344,0.9968846440315247,940.4288940429688,243.5564422607422,0.9999997615814209,892.7523193359375,236.46142578125,0.9999997615814209,1001.67919921875,227.86325073242188,0.14495855569839478,991.6461791992188,215.78367614746094,0.7492297291755676,989.4410400390625,208.29598999023438,0.08810979127883911,992.0823974609375,205.08349609375,0.1018189787864685,1000.8934936523438,213.68272399902344,0.012512892484664917,993.5247192382812,222.10890197753906,0.018100261688232422,993.1358032226562,222.2255096435547,0.1463049054145813,1007.8305053710938,263.08038330078125,0.0703812837600708,1011.5534057617188,263.590576171875,0.007974117994308472,1010.3499145507812,264.3448486328125,0.2126728892326355,976.11474609375,202.1984100341797,0.0002700388431549072,973.4642333984375,207.7857208251953,0.00020331144332885742,1012.5953979492188,258.0306396484375,0.00020036101341247559,1013.233154296875,256.49029541015625,0.00867345929145813,1006.3619995117188,257.24371337890625,0.8938361406326294,1006.9072265625,263.3804626464844,0.04556557536125183,1010.9944458007812,259.76953125,0.14212825894355774,1013.1526489257812,259.1495361328125,0.0059826672077178955,1013.275390625,262.29791259765625,0.0035046935081481934,1009.4659423828125,266.3522644042969,0.019446998834609985,1001.6619873046875,262.41748046875,0.5224132537841797,992.4327392578125,220.03065490722656,0.9937673807144165,976.898193359375,209.69261169433594,0.9999983906745911,983.9495849609375,214.85537719726562,0.9902312755584717,986.4380493164062,210.38059997558594,0.965760350227356,985.8135375976562,204.62686157226562,0.9986558556556702,978.3157958984375,199.45945739746094,0.9999722242355347,966.690673828125,205.0074462890625,0.9998688697814941
233,933.9796752929688,243.23878479003906,9.641051292419434e-05,990.6428833007812,244.38400268554688,0.3830358386039734,990.3499755859375,242.75144958496094,0.026247024536132812,996.4749755859375,242.55191040039062,0.5625054240226746,993.29638671875,238.589599609375,0.8748676180839539,995.9564208984375,251.5071563720703,0.998260498046875,1011.4539184570312,237.6402587890625,0.012500345706939697,994.4024658203125,245.27845764160156,0.9960122108459473,940.07421875,243.42652893066406,0.9999997615814209,892.65185546875,236.50660705566406,0.9999997019767761,1001.72607421875,227.74652099609375,0.21463757753372192,991.7809448242188,215.76748657226562,0.7665783166885376,989.5394897460938,208.3645782470703,0.09900084137916565,992.233154296875,205.23019409179688,0.1046200692653656,1001.1209106445312,213.7411651611328,0.016431808471679688,993.7786865234375,222.1981964111328,0.021061807870864868,993.2743530273438,222.2501678466797,0.1484176218509674,1007.60009765625,263.2427062988281,0.08814585208892822,1011.5610961914062,263.7093811035156,0.010435998439788818,1010.44580078125,264.6411437988281,0.2401089370250702,976.1354370117188,202.41822814941406,0.00027677416801452637,973.529052734375,207.86264038085938,0.00019595026969909668,1012.5103759765625,257.96527099609375,0.00020581483840942383,1013.2213745117188,256.5754089355469,0.00864747166633606,1006.1937255859375,257.5048828125,0.8542938232421875,1006.6616821289062,263.3727722167969,0.03174734115600586,1010.7836303710938,259.9952697753906,0.13664528727531433,1012.8341064453125,259.2570495605469,0.0050373077392578125,1013.13232421875,262.2164611816406,0.0026098787784576416,1009.1757202148438,266.2065734863281,0.014199137687683105,1003.4986572265625,266.906494140625,0.4632874131202698,992.451904296875,220.2158966064453,0.9936171770095825,977.0173950195312,209.6237335205078,0.9999984502792358,984.0615844726562,214.7882843017578,0.9903564453125,986.4600219726562,210.3610382080078,0.9693049788475037,985.7406005859375,204.6928253173828,0.9988785982131958,978.2622680664062,199.5410614013672,0.9999743700027466,966.7582397460938,205.02915954589844,0.9998650550842285
234,933.6095581054688,241.83905029296875,0.00011137127876281738,990.723388671875,244.39527893066406,0.44033434987068176,990.3123779296875,243.0023651123047,0.03757774829864502,996.2898559570312,242.54052734375,0.5824471116065979,993.2250366210938,238.8224334716797,0.9198643565177917,995.7667846679688,251.52024841308594,0.9988596439361572,1011.536865234375,237.46559143066406,0.010678082704544067,994.2931518554688,245.4200439453125,0.997369647026062,939.9133911132812,243.30287170410156,0.9999997615814209,892.288818359375,236.46673583984375,0.9999997019767761,1001.6998291015625,227.6779022216797,0.19656974077224731,991.6419677734375,215.69468688964844,0.7810142040252686,989.4918212890625,208.29263305664062,0.1014142632484436,992.2025146484375,205.18075561523438,0.11149778962135315,1000.9093017578125,213.6805419921875,0.015304088592529297,993.6591796875,222.0102996826172,0.02237972617149353,993.232666015625,222.13160705566406,0.1590692400932312,1007.4910278320312,263.2859191894531,0.08341014385223389,1011.5955200195312,263.6950378417969,0.009024828672409058,1010.500732421875,264.6614074707031,0.212228924036026,975.9584350585938,202.33067321777344,0.00030741095542907715,973.3797607421875,207.8863983154297,0.0002187788486480713,1012.5287475585938,258.0619812011719,0.00020736455917358398,1013.20849609375,256.63873291015625,0.008156508207321167,1006.1630859375,257.45404052734375,0.8856419324874878,1006.5267944335938,263.32257080078125,0.03920409083366394,1010.7071533203125,259.84869384765625,0.16184628009796143,1012.8152465820312,259.11334228515625,0.0062901973724365234,1013.2506713867188,262.2351379394531,0.0031866133213043213,1009.2667236328125,266.1547546386719,0.015003561973571777,1003.4664916992188,266.9438171386719,0.46432995796203613,992.4321899414062,220.14581298828125,0.9932001233100891,976.9804077148438,209.60357666015625,0.9999980926513672,983.9976196289062,214.65882873535156,0.98906409740448,986.371826171875,210.29122924804688,0.9702778458595276,985.6386108398438,204.6200408935547,0.9989778995513916,978.1644287109375,199.48936462402344,0.9999739527702332,966.5375366210938,205.0960693359375,0.9998788833618164
235,933.7033081054688,241.8679962158203,0.00014016032218933105,990.9063720703125,244.3235626220703,0.3925360441207886,990.3518676757812,242.919677734375,0.03717687726020813,996.370849609375,242.61512756347656,0.5721530914306641,993.2852783203125,238.7242431640625,0.9376708269119263,995.9694213867188,251.35671997070312,0.9991440773010254,1011.5987548828125,237.354248046875,0.010720759630203247,994.4558715820312,245.32656860351562,0.9982507824897766,940.2564697265625,243.4132843017578,0.9999998807907104,892.6351318359375,236.45318603515625,0.9999997615814209,1001.8221435546875,227.65855407714844,0.16021984815597534,991.6044921875,215.7054443359375,0.7607871890068054,989.3938598632812,208.2698211669922,0.09670889377593994,992.1295776367188,205.1981964111328,0.09885179996490479,1001.0009765625,213.71243286132812,0.013740003108978271,993.65185546875,222.01235961914062,0.01791524887084961,993.23291015625,222.11856079101562,0.1480884850025177,1007.57177734375,263.2690734863281,0.07884547114372253,1011.6294555664062,263.7097473144531,0.008413076400756836,1010.4852905273438,264.5788879394531,0.1954229772090912,975.7828979492188,202.40042114257812,0.00026556849479675293,973.3743896484375,207.8603515625,0.0002186894416809082,1012.6119995117188,258.1592712402344,0.00019854307174682617,1013.3063354492188,256.6515197753906,0.00832417607307434,1006.4102172851562,257.3363037109375,0.9151255488395691,1006.6476440429688,263.4580078125,0.05392923951148987,1010.7608642578125,259.791015625,0.1910981833934784,1012.9275512695312,259.1155090332031,0.007544904947280884,1013.3721313476562,262.3172912597656,0.003760397434234619,1009.4481201171875,266.31011962890625,0.01673761010169983,1003.4328002929688,267.04632568359375,0.5477501749992371,992.4928588867188,220.0438995361328,0.9935559034347534,976.935546875,209.57470703125,0.9999979734420776,983.823486328125,214.5989227294922,0.9873378276824951,986.2295532226562,210.24075317382812,0.9657047986984253,985.6146850585938,204.60079956054688,0.9988385438919067,978.0357666015625,199.5621795654297,0.9999728202819824,966.5568237304688,205.0702667236328,0.9998831748962402
236,933.6936645507812,241.83119201660156,0.00015118718147277832,990.8591918945312,244.31369018554688,0.3650098145008087,990.3818359375,242.87539672851562,0.034638792276382446,996.3763427734375,242.5795135498047,0.5672329068183899,993.2589111328125,238.7111053466797,0.9354658722877502,995.9544067382812,251.33860778808594,0.9990993738174438,1011.5493774414062,237.346923828125,0.010803520679473877,994.4493408203125,245.28890991210938,0.9981328248977661,940.2986450195312,243.52716064453125,0.9999998807907104,892.953857421875,236.52056884765625,0.9999997615814209,1001.8364868164062,227.6765594482422,0.16418686509132385,991.6536254882812,215.73936462402344,0.7583297491073608,989.4085693359375,208.2892608642578,0.0995955765247345,992.1627807617188,205.21337890625,0.10040345788002014,1001.0001831054688,213.74716186523438,0.014216005802154541,993.66943359375,222.08648681640625,0.01764458417892456,993.2810668945312,222.1729278564453,0.14347383379936218,1007.5748901367188,263.1555480957031,0.0701698362827301,1011.6353149414062,263.5724792480469,0.006566226482391357,1010.490234375,264.475830078125,0.17583200335502625,975.835205078125,202.41017150878906,0.00026488304138183594,973.37841796875,207.8478240966797,0.00022748112678527832,1012.5703735351562,258.045654296875,0.00017526745796203613,1013.2753295898438,256.4914245605469,0.007322371006011963,1006.39990234375,257.3055419921875,0.9041785001754761,1006.6946411132812,263.3426818847656,0.04606547951698303,1010.80322265625,259.72442626953125,0.17450237274169922,1012.9190673828125,259.0528869628906,0.006371855735778809,1013.3604736328125,262.1990661621094,0.0030508339405059814,1009.501220703125,266.19085693359375,0.014623701572418213,1003.5214233398438,266.89593505859375,0.5128870010375977,992.5084838867188,220.0548858642578,0.9935190677642822,976.9229736328125,209.6261444091797,0.999998152256012,983.824951171875,214.6314239501953,0.9870797395706177,986.2569580078125,210.27162170410156,0.9651221036911011,985.6587524414062,204.61996459960938,0.9988366365432739,978.06982421875,199.53567504882812,0.999973475933075,966.5636596679688,205.06739807128906,0.9998880624771118
237,933.6351928710938,241.7591552734375,0.0001698136329650879,990.8008422851562,244.37278747558594,0.33868730068206787,990.3477783203125,242.81185913085938,0.031892359256744385,996.3442993164062,242.6111602783203,0.53462815284729,993.2513427734375,238.63760375976562,0.9270751476287842,995.9091186523438,251.35562133789062,0.9990782737731934,1011.6185302734375,237.283447265625,0.012056142091751099,994.443115234375,245.25347900390625,0.9979698657989502,940.3361206054688,243.524658203125,0.9999998211860657,893.3363647460938,236.5482177734375,0.9999997615814209,1001.8021850585938,227.71636962890625,0.153492271900177,991.6251220703125,215.65280151367188,0.7355579137802124,989.4357299804688,208.15377807617188,0.09208190441131592,992.1610107421875,205.07798767089844,0.09132209420204163,1000.9716186523438,213.64041137695312,0.01274922490119934,993.5875854492188,222.05934143066406,0.015850424766540527,993.3081665039062,222.11825561523438,0.13296806812286377,1007.5784301757812,263.10882568359375,0.06332561373710632,1011.586669921875,263.4901123046875,0.006248533725738525,1010.5018310546875,264.37408447265625,0.17089059948921204,975.9426879882812,202.2452850341797,0.0002562105655670166,973.3943481445312,207.76441955566406,0.00021955370903015137,1012.475341796875,257.9762268066406,0.0001684427261352539,1013.20068359375,256.4259338378906,0.007106304168701172,1006.3748168945312,257.2677307128906,0.9059385061264038,1006.7708740234375,263.33245849609375,0.047605931758880615,1010.8236083984375,259.6946105957031,0.16986963152885437,1012.9322509765625,259.0363464355469,0.006194412708282471,1013.3419189453125,262.1610107421875,0.0029369890689849854,1009.5292358398438,266.163818359375,0.014654457569122314,1003.5732421875,266.8679504394531,0.5261036157608032,992.4490966796875,220.0191192626953,0.9936389923095703,976.9390869140625,209.5250701904297,0.999998152256012,983.9071044921875,214.51736450195312,0.9874367713928223,986.3682250976562,210.08229064941406,0.9691113233566284,985.69189453125,204.49269104003906,0.9990198016166687,978.100341796875,199.41558837890625,0.9999768733978271,966.5584106445312,205.09974670410156,0.9998801946640015
238,933.638427734375,241.7413330078125,0.00018072128295898438,990.7418823242188,244.36074829101562,0.3600350618362427,990.3276977539062,242.84022521972656,0.0316641628742218,996.26611328125,242.57948303222656,0.5311020016670227,993.2063598632812,238.63185119628906,0.918386697769165,995.8760986328125,251.3142852783203,0.9989730715751648,1011.6161499023438,237.2957763671875,0.012667149305343628,994.4030151367188,245.22950744628906,0.9976679086685181,940.2332763671875,243.38235473632812,0.9999998807907104,893.5728759765625,236.39125061035156,0.9999997615814209,1001.7371215820312,227.72772216796875,0.1537189781665802,991.511962890625,215.59478759765625,0.7455307245254517,989.3380126953125,208.06423950195312,0.09873801469802856,992.0457763671875,204.9637451171875,0.10173812508583069,1000.872314453125,213.63108825683594,0.012333154678344727,993.49365234375,221.94113159179688,0.01715025305747986,993.2103881835938,222.0044403076172,0.141361266374588,1007.6051635742188,263.1151428222656,0.06200262904167175,1011.6026611328125,263.5076904296875,0.006167858839035034,1010.4876708984375,264.3946228027344,0.16986137628555298,975.9718627929688,202.15969848632812,0.00025004148483276367,973.3778686523438,207.79696655273438,0.00020948052406311035,1012.4752807617188,257.9743347167969,0.00017243623733520508,1013.2012939453125,256.423828125,0.007391452789306641,1006.3403930664062,257.2694091796875,0.9079867601394653,1006.770263671875,263.3537292480469,0.049690693616867065,1010.8060302734375,259.70361328125,0.17532435059547424,1012.9420776367188,259.070556640625,0.006359994411468506,1013.367431640625,262.2130432128906,0.002993971109390259,1009.5677490234375,266.185302734375,0.014929085969924927,1003.5661010742188,266.88702392578125,0.5299518704414368,992.4003295898438,220.00051879882812,0.9930719137191772,976.8521118164062,209.56051635742188,0.9999980330467224,983.8878173828125,214.59483337402344,0.9870837330818176,986.3392944335938,210.13430786132812,0.9646577835083008,985.6615600585938,204.4687042236328,0.9989652037620544,978.1510009765625,199.3214111328125,0.9999759197235107,966.4904174804688,205.10142517089844,0.999872088432312
239,933.6704711914062,241.7388153076172,0.0001493692398071289,990.8875122070312,244.3240509033203,0.34587499499320984,990.40283203125,242.70291137695312,0.03286182880401611,996.3623046875,242.5446014404297,0.5434398651123047,993.2957763671875,238.54273986816406,0.9179128408432007,996.0631713867188,251.28526306152344,0.998976469039917,1011.5725708007812,237.28369140625,0.011270344257354736,994.4990844726562,245.1659393310547,0.9977089762687683,940.5576171875,243.4268798828125,0.9999998807907104,893.6060791015625,236.2985382080078,0.9999997615814209,1001.7019653320312,227.75616455078125,0.16058427095413208,991.525634765625,215.70240783691406,0.756230354309082,989.3726806640625,208.06256103515625,0.10975566506385803,992.0909423828125,205.00294494628906,0.10906580090522766,1000.928466796875,213.79586791992188,0.013374656438827515,993.5824584960938,222.14549255371094,0.018371105194091797,993.2208862304688,222.16836547851562,0.15069371461868286,1007.5110473632812,263.0533447265625,0.06278428435325623,1011.5411376953125,263.39227294921875,0.006911486387252808,1010.4334716796875,264.27734375,0.18157559633255005,976.0933837890625,202.27330017089844,0.00023856759071350098,973.3984985351562,207.8686065673828,0.00020810961723327637,1012.4749145507812,257.9396057128906,0.00018718838691711426,1013.1040649414062,256.3590087890625,0.007621198892593384,1006.3948974609375,257.240234375,0.9132495522499084,1006.693115234375,263.2756042480469,0.054094910621643066,1010.7164306640625,259.6871032714844,0.167159765958786,1012.859130859375,258.974609375,0.006401091814041138,1013.2538452148438,262.1022033691406,0.0034104883670806885,1009.4931030273438,266.1375732421875,0.01758885383605957,1003.512939453125,266.797607421875,0.5555421113967896,992.4277954101562,220.07449340820312,0.9927127957344055,976.8466796875,209.6411895751953,0.9999980926513672,983.9488525390625,214.69149780273438,0.9862648844718933,986.3715209960938,210.2395782470703,0.9622677564620972,985.7313842773438,204.5489959716797,0.9988990426063538,978.2571411132812,199.37855529785156,0.9999768137931824,966.5413208007812,205.08184814453125,0.9998706579208374
240,933.6307373046875,241.73641967773438,0.00014838576316833496,990.8694458007812,244.31954956054688,0.3617154657840729,990.3844604492188,242.74131774902344,0.034031569957733154,996.35107421875,242.51449584960938,0.5536378026008606,993.2786865234375,238.57196044921875,0.9150030612945557,996.0352783203125,251.3085174560547,0.9989770650863647,1011.556640625,237.2897186279297,0.011182606220245361,994.4796752929688,245.18673706054688,0.9976081252098083,940.5504760742188,243.433349609375,0.9999998211860657,893.6915283203125,236.3177490234375,0.9999997615814209,1001.6869506835938,227.75625610351562,0.16700223088264465,991.49951171875,215.6904754638672,0.7560169696807861,989.3535766601562,208.07028198242188,0.1061689555644989,992.0440063476562,204.99578857421875,0.11016845703125,1000.9071655273438,213.78611755371094,0.013536125421524048,993.5478515625,222.11863708496094,0.019466638565063477,993.2040405273438,222.13546752929688,0.15171203017234802,1007.4764404296875,263.0661315917969,0.06672921776771545,1011.5244750976562,263.40863037109375,0.007379204034805298,1010.4277954101562,264.3204345703125,0.189060777425766,976.0824584960938,202.27926635742188,0.0002465546131134033,973.3331298828125,207.89529418945312,0.00021633505821228027,1012.4566650390625,257.9595947265625,0.00019752979278564453,1013.0678100585938,256.3900451660156,0.008003920316696167,1006.3594970703125,257.2731628417969,0.9167208075523376,1006.6646118164062,263.2779541015625,0.055292755365371704,1010.6898803710938,259.7112731933594,0.17469492554664612,1012.8627319335938,259.0079345703125,0.006567448377609253,1013.2459716796875,262.12127685546875,0.0035074055194854736,1009.4937744140625,266.1395263671875,0.017569512128829956,1003.4873046875,266.8376159667969,0.5628979206085205,992.4025268554688,220.07479858398438,0.9925583004951477,976.7999877929688,209.64598083496094,0.9999980926513672,983.9378051757812,214.70697021484375,0.9865481853485107,986.3536987304688,210.24337768554688,0.9627110958099365,985.691650390625,204.53456115722656,0.9989591836929321,978.24609375,199.36495971679688,0.999977171421051,966.489501953125,205.1050567626953,0.9998759031295776
